# x y bottom topography
46875 0 124.6859595
140625 0 125.3384133
234375 0 126.4890223
328125 0 127.8285656
421875 0 128.892185
515625 0 129.0599553
609375 0 127.5615149
703125 0 123.4899135
796875 0 115.8337978
890625 0 103.5430289
984375 0 85.65071973
1078125 0 61.4809614
1171875 0 30.9644115
1265625 0 -4.963534201
1359375 0 -44.02821562
1453125 0 -82.65255649
1546875 0 -116.672589
1640625 0 -142.606319
1734375 0 -158.7247998
1828125 0 -165.2079053
1921875 0 -163.4895903
2015625 0 -155.4604539
2109375 0 -142.9701465
2203125 0 -127.6338031
2296875 0 -110.7871228
2390625 0 -93.48529108
2484375 0 -76.51501214
2578125 0 -60.41793159
2671875 0 -45.52455037
2765625 0 -31.99401745
2859375 0 -19.85441553
2953125 0 -9.039914623
3046875 0 0.5771207761
3140625 0 9.159390748
3234375 0 16.88302212
3328125 0 23.92036208
3421875 0 30.42643822
3515625 0 36.52851733
3609375 0 42.31824592
3703125 0 47.84631717
3796875 0 53.11975079
3890625 0 58.1021631
3984375 0 62.7175611
4078125 0 66.858083
4171875 0 70.3957563
4265625 0 73.1977227
4359375 0 75.14337392
4453125 0 76.14098878
