# x y surface topography
73242.1875 1500000 1619.654212
79101.5625 1500000 1607.607357
84960.9375 1500000 1596.493874
90820.3125 1500000 1585.107541
96679.6875 1500000 1573.730591
102539.0625 1500000 1563.90629
108398.4375 1500000 1556.285286
114257.8125 1500000 1549.342152
120117.1875 1500000 1540.469997
125976.5625 1500000 1529.094731
131835.9375 1500000 1516.435345
137695.3125 1500000 1503.259093
143554.6875 1500000 1489.912974
149414.0625 1500000 1476.801065
155273.4375 1500000 1464.117013
161132.8125 1500000 1451.761117
166992.1875 1500000 1439.563515
172851.5625 1500000 1427.541802
178710.9375 1500000 1415.968063
184570.3125 1500000 1405.145567
190429.6875 1500000 1395.149493
196289.0625 1500000 1385.81061
202148.4375 1500000 1376.861558
208007.8125 1500000 1368.080224
213867.1875 1500000 1359.378801
219726.5625 1500000 1350.790765
225585.9375 1500000 1342.374189
231445.3125 1500000 1334.14633
237304.6875 1500000 1326.091698
243164.0625 1500000 1318.189487
249023.4375 1500000 1310.424663
254882.8125 1500000 1302.784845
260742.1875 1500000 1295.253782
266601.5625 1500000 1287.810489
272460.9375 1500000 1280.43602
278320.3125 1500000 1273.118336
284179.6875 1500000 1265.849037
290039.0625 1500000 1258.618309
295898.4375 1500000 1251.41705
301757.8125 1500000 1244.238687
307617.1875 1500000 1237.079129
313476.5625 1500000 1229.93618
319335.9375 1500000 1222.809638
325195.3125 1500000 1215.702031
331054.6875 1500000 1208.618222
336914.0625 1500000 1201.564995
342773.4375 1500000 1194.549858
348632.8125 1500000 1187.57982
354492.1875 1500000 1180.661098
360351.5625 1500000 1173.798924
366210.9375 1500000 1166.999067
372070.3125 1500000 1160.267302
49804.6875 1500000 1678.20675
55664.0625 1500000 1662.931603
61523.4375 1500000 1647.774825
67382.8125 1500000 1633.231893
2929.6875 1500000 1850.759245
8789.0625 1500000 1821.991878
14648.4375 1500000 1792.479171
20507.8125 1500000 1767.801668
26367.1875 1500000 1746.085237
32226.5625 1500000 1726.556035
38085.9375 1500000 1708.87948
43945.3125 1500000 1693.044226
377929.6875 1500000 1153.602253
383789.0625 1500000 1146.992531
389648.4375 1500000 1140.425774
395507.8125 1500000 1133.893317
401367.1875 1500000 1127.388264
407226.5625 1500000 1120.904526
413085.9375 1500000 1114.436602
418945.3125 1500000 1107.979106
424804.6875 1500000 1101.526482
430664.0625 1500000 1095.072579
436523.4375 1500000 1088.610357
442382.8125 1500000 1082.13186
448242.1875 1500000 1075.628622
454101.5625 1500000 1069.092129
459960.9375 1500000 1062.514575
465820.3125 1500000 1055.88942
471679.6875 1500000 1049.211945
477539.0625 1500000 1042.479564
483398.4375 1500000 1035.691756
489257.8125 1500000 1028.850198
495117.1875 1500000 1021.958551
500976.5625 1500000 1015.022354
506835.9375 1500000 1008.048755
512695.3125 1500000 1001.046464
518554.6875 1500000 994.0255108
524414.0625 1500000 986.9968784
530273.4375 1500000 979.9720812
536132.8125 1500000 972.9626759
541992.1875 1500000 965.9795111
547851.5625 1500000 959.0317345
553710.9375 1500000 952.1258697
559570.3125 1500000 945.2659757
565429.6875 1500000 938.454357
571289.0625 1500000 931.6920281
577148.4375 1500000 924.9791491
583007.8125 1500000 918.3152442
588867.1875 1500000 911.6994243
594726.5625 1500000 905.1307193
600585.9375 1500000 898.6082252
606445.3125 1500000 892.1313526
612304.6875 1500000 885.6998231
618164.0625 1500000 879.3138793
624023.4375 1500000 872.9742741
629882.8125 1500000 866.6822807
635742.1875 1500000 860.4395201
641601.5625 1500000 854.2479243
647460.9375 1500000 848.1095615
653320.3125 1500000 842.0263676
659179.6875 1500000 835.9999264
665039.0625 1500000 830.030923
670898.4375 1500000 824.1181748
676757.8125 1500000 818.2571656
682617.1875 1500000 812.439845
688476.5625 1500000 806.6559837
694335.9375 1500000 800.8946323
700195.3125 1500000 795.1447791
706054.6875 1500000 789.3955523
711914.0625 1500000 783.636637
717773.4375 1500000 777.8583635
723632.8125 1500000 772.052233
729492.1875 1500000 766.2109353
735351.5625 1500000 760.3285855
741210.9375 1500000 754.4008053
747070.3125 1500000 748.4247735
752929.6875 1500000 742.3991713
758789.0625 1500000 736.3239163
764648.4375 1500000 730.1998731
770507.8125 1500000 724.0282084
776367.1875 1500000 717.8094152
782226.5625 1500000 711.5432933
788085.9375 1500000 705.2286369
793945.3125 1500000 698.8634357
799804.6875 1500000 692.4456155
805664.0625 1500000 685.9737296
811523.4375 1500000 679.446983
817382.8125 1500000 672.8654925
823242.1875 1500000 666.2303377
829101.5625 1500000 659.5434183
834960.9375 1500000 652.8075728
840820.3125 1500000 646.026238
916992.1875 1500000 555.8082464
922851.5625 1500000 548.8429291
928710.9375 1500000 541.8819697
934570.3125 1500000 534.924829
940429.6875 1500000 527.9707551
946289.0625 1500000 521.0189586
952148.4375 1500000 514.0685467
958007.8125 1500000 507.1186355
963867.1875 1500000 500.1685175
969726.5625 1500000 493.21757
975585.9375 1500000 486.2654452
981445.3125 1500000 479.3121366
987304.6875 1500000 472.357857
993164.0625 1500000 465.4032326
999023.4375 1500000 458.449236
1004882.812 1500000 451.4971572
1010742.188 1500000 444.5486353
1016601.562 1500000 437.6055325
1022460.938 1500000 430.669965
1028320.312 1500000 423.7439988
1034179.688 1500000 416.829904
1040039.062 1500000 409.9294354
1045898.438 1500000 403.0443429
1051757.812 1500000 396.1752625
1057617.188 1500000 389.3221102
1063476.562 1500000 382.4832795
1069335.938 1500000 375.6560956
1075195.312 1500000 368.8370468
1081054.688 1500000 362.0223163
1086914.062 1500000 355.2081134
1092773.438 1500000 348.3907175
1098632.812 1500000 341.5668492
1104492.188 1500000 334.7333313
1110351.562 1500000 327.8876352
1116210.938 1500000 321.0272627
1122070.312 1500000 314.150571
1127929.688 1500000 307.2558741
1133789.062 1500000 300.3420333
893554.6875 1500000 583.7099452
899414.0625 1500000 576.7299879
905273.4375 1500000 569.7521797
911132.8125 1500000 562.7780279
846679.6875 1500000 639.2034479
852539.0625 1500000 632.3437528
858398.4375 1500000 625.4520476
864257.8125 1500000 618.5333804
870117.1875 1500000 611.5928266
875976.5625 1500000 604.6354863
881835.9375 1500000 597.6663034
887695.3125 1500000 590.6898156
1139648.438 1500000 293.4079231
1145507.812 1500000 286.4529468
1315429.688 1500000 71.19022488
1321289.062 1500000 63.11318106
1327148.438 1500000 54.98933701
1333007.812 1500000 46.82003498
1338867.188 1500000 38.60672521
1344726.562 1500000 30.35088124
1350585.938 1500000 22.05425949
1356445.312 1500000 13.71897529
1362304.688 1500000 5.347612825
1368164.062 1500000 -3.056695205
1374023.438 1500000 -11.48993447
1379882.812 1500000 -19.94745207
1385742.188 1500000 -28.42375129
1391601.562 1500000 -36.91246094
1397460.938 1500000 -45.40637829
1403320.312 1500000 -53.89762835
1409179.688 1500000 -62.37751899
1415039.062 1500000 -70.83677914
1420898.438 1500000 -79.26544194
1426757.812 1500000 -87.65315832
1432617.188 1500000 -95.98932976
1438476.562 1500000 -104.2631225
1444335.938 1500000 -112.464012
1450195.312 1500000 -120.5813583
1456054.688 1500000 -128.605242
1461914.062 1500000 -136.5263385
1467773.438 1500000 -144.3363204
1473632.812 1500000 -152.0281333
1479492.188 1500000 -159.5965104
1485351.562 1500000 -167.0380466
1151367.188 1500000 279.476279
1157226.562 1500000 272.4776669
1163085.938 1500000 265.4563481
1168945.312 1500000 258.4118445
1174804.688 1500000 251.343513
1180664.062 1500000 244.2506873
1186523.438 1500000 237.1324952
1192382.812 1500000 229.9878541
1198242.188 1500000 222.8157298
1204101.562 1500000 215.6147841
1209960.938 1500000 208.3837124
1215820.312 1500000 201.1208644
1221679.688 1500000 193.8244478
1227539.062 1500000 186.4927034
1233398.438 1500000 179.1237288
1239257.812 1500000 171.7156694
1245117.188 1500000 164.2666584
1250976.562 1500000 156.7747867
1256835.938 1500000 149.2383504
1262695.312 1500000 141.6557367
1268554.688 1500000 134.0255086
1274414.062 1500000 126.3465355
1280273.438 1500000 118.6179296
1286132.812 1500000 110.838977
1291992.188 1500000 103.0095909
1297851.562 1500000 95.12961332
1303710.938 1500000 87.19934009
1309570.312 1500000 79.21932374
1491210.938 1500000 -174.3520705
1497070.312 1500000 -181.5385592
1502929.688 1500000 -188.6052486
1508789.062 1500000 -195.5638439
1514648.438 1500000 -202.4228405
1520507.812 1500000 -209.1926795
1526367.188 1500000 -215.8858338
1532226.562 1500000 -222.5160598
1538085.938 1500000 -229.0979308
1543945.312 1500000 -235.6470668
1549804.688 1500000 -242.1798603
1555664.062 1500000 -248.7134313
1561523.438 1500000 -255.2656602
1567382.812 1500000 -261.8549821
1573242.188 1500000 -268.5003748
1579101.562 1500000 -275.2214342
1584960.938 1500000 -282.0383788
1590820.312 1500000 -288.9718649
1596679.688 1500000 -296.0430844
1602539.062 1500000 -303.2735453
1608398.438 1500000 -310.6851419
1614257.812 1500000 -318.2998672
1620117.188 1500000 -326.1397129
1625976.562 1500000 -334.2265284
1631835.938 1500000 -342.581911
1637695.312 1500000 -351.2268699
1643554.688 1500000 -360.1815941
1649414.062 1500000 -369.4651978
1655273.438 1500000 -379.0954791
1661132.812 1500000 -389.0885041
1666992.188 1500000 -399.4580375
1672851.562 1500000 -410.2154551
1678710.938 1500000 -421.3691608
1684570.312 1500000 -432.9242238
1690429.688 1500000 -444.8819915
1696289.062 1500000 -457.2397547
1702148.438 1500000 -469.9904507
1708007.812 1500000 -483.1220853
1713867.188 1500000 -496.6176043
1719726.562 1500000 -510.4545451
1725585.938 1500000 -524.6049576
1731445.312 1500000 -539.0352173
1737304.688 1500000 -553.7059207
1743164.062 1500000 -568.5718586
1749023.438 1500000 -583.5821178
1754882.812 1500000 -598.6801439
1760742.188 1500000 -613.8041485
1766601.562 1500000 -628.8872407
1772460.938 1500000 -643.8580767
1778320.312 1500000 -658.6412865
1784179.688 1500000 -673.1582006
1790039.062 1500000 -687.3276179
1795898.438 1500000 -701.0666504
1801757.812 1500000 -714.2918559
1807617.188 1500000 -726.9204095
1813476.562 1500000 -738.871164
1819335.938 1500000 -750.0662602
1825195.312 1500000 -760.4324996
1831054.688 1500000 -769.903069
1836914.062 1500000 -778.4195384
1842773.438 1500000 -785.9344475
1848632.812 1500000 -792.4138009
1854492.188 1500000 -797.8394559
1860351.562 1500000 -802.2136506
1866210.938 1500000 -805.5547772
1872070.312 1500000 -807.8855386
1877929.688 1500000 -809.2258044
1883789.062 1500000 -809.5871091
1889648.438 1500000 -808.9730253
1895507.812 1500000 -807.3862916
1901367.188 1500000 -804.8338329
1907226.562 1500000 -801.3303044
1913085.938 1500000 -796.9015538
1918945.312 1500000 -791.5882115
1924804.688 1500000 -785.4485022
1930664.062 1500000 -778.560778
1936523.438 1500000 -771.0264786
1942382.812 1500000 -762.9725445
1948242.188 1500000 -754.5534724
1954101.562 1500000 -745.9531604
1959960.938 1500000 -737.3865787
1965820.312 1500000 -729.1009023
1971679.688 1500000 -721.3762706
1977539.062 1500000 -714.5259429
1983398.438 1500000 -708.8964674
1989257.812 1500000 -704.8665971
1995117.188 1500000 -702.8461803
2000976.562 1500000 -703.2743709
2006835.938 1500000 -706.6171826
2012695.312 1500000 -713.3642301
2018554.688 1500000 -724.0253974
2024414.062 1500000 -739.1261129
2030273.438 1500000 -759.2031524
2036132.812 1500000 -784.798329
2041992.188 1500000 -816.4532529
2047851.562 1500000 -854.7027689
2053710.938 1500000 -900.0677754
2059570.312 1500000 -953.0484353
2065429.688 1500000 -1014.117112
2071289.062 1500000 -1083.709874
2077148.438 1500000 -1162.219746
2083007.812 1500000 -1249.988205
2088867.188 1500000 -1347.297855
2094726.562 1500000 -1454.364859
2100585.938 1500000 -1571.330836
2106445.312 1500000 -1698.255691
2112304.688 1500000 -1835.110687
2118164.062 1500000 -1981.770269
2124023.438 1500000 -2138.005371
2129882.812 1500000 -2303.476232
2135742.188 1500000 -2477.724839
2141601.562 1500000 -2660.169126
2147460.938 1500000 -2850.095857
2153320.312 1500000 -3046.655292
2159179.688 1500000 -3248.856397
2165039.062 1500000 -3455.563096
2170898.438 1500000 -3665.493517
2176757.812 1500000 -3877.219813
2182617.188 1500000 -4089.171582
2188476.562 1500000 -4299.641027
2194335.938 1500000 -4506.791044
2200195.312 1500000 -4708.665235
2206054.688 1500000 -4903.199692
2211914.062 1500000 -5088.235876
2217773.438 1500000 -5261.534535
2223632.812 1500000 -5420.789779
2229492.188 1500000 -5563.643424
2235351.562 1500000 -5687.700201
2241210.938 1500000 -5790.543585
2247070.312 1500000 -5869.754331
2252929.688 1500000 -5922.930577
2258789.062 1500000 -5947.709929
2264648.438 1500000 -5941.793398
2270507.812 1500000 -5902.969769
2276367.188 1500000 -5829.139505
2282226.562 1500000 -5718.334626
2288085.938 1500000 -5568.740823
2293945.312 1500000 -5378.727271
2299804.688 1500000 -5146.871109
2305664.062 1500000 -4871.979205
2311523.438 1500000 -4553.11065
2317382.812 1500000 -4189.584904
2323242.188 1500000 -3781.027958
2329101.562 1500000 -3327.424643
2334960.938 1500000 -2829.10085
2340820.312 1500000 -2286.659795
2346679.688 1500000 -1701.120011
2352539.062 1500000 -1074.694411
2358398.438 1500000 -410.6355155
2364257.812 1500000 286.473771
2370117.188 1500000 1014.49764
2375976.562 1500000 1800.528415
2381835.938 1500000 2751.412119
2387695.312 1500000 3635.579698
2393554.688 1500000 3946.821584
2399414.062 1500000 3628.416298
2405273.438 1500000 2907.139703
2411132.812 1500000 2084.43686
2416992.188 1500000 1213.827475
2422851.562 1500000 244.4047075
2428710.938 1500000 -792.5110878
2434570.312 1500000 -1864.627481
2440429.688 1500000 -3019.250293
2446289.062 1500000 -4334.680754
2452148.438 1500000 -5733.758245
2458007.812 1500000 -7109.629956
2463867.188 1500000 -8521.787498
2469726.562 1500000 -10093.71583
2475585.938 1500000 -11649.39093
2481445.312 1500000 -13030.95048
2487304.688 1500000 -14195.22215
2493164.062 1500000 -15139.80954
2499023.438 1500000 -16095.30292
2504882.812 1500000 -16673.25592
2510742.188 1500000 -15971.83352
2516601.562 1500000 -14926.92009
2522460.938 1500000 -13692.07397
2528320.312 1500000 -12274.42251
2534179.688 1500000 -10750.39656
2540039.062 1500000 -9160.982046
2545898.438 1500000 -7546.714681
2551757.812 1500000 -5941.144849
2557617.188 1500000 -4373.356236
2563476.562 1500000 -2867.675795
2569335.938 1500000 -1444.100349
2575195.312 1500000 -118.5464378
2581054.688 1500000 1096.819235
2586914.062 1500000 2193.263358
2592773.438 1500000 3165.146894
2598632.812 1500000 4009.599305
2604492.188 1500000 4726.189309
2610351.562 1500000 5316.615482
2616210.938 1500000 5784.416585
2622070.312 1500000 6134.693772
2627929.688 1500000 6373.852388
2633789.062 1500000 6509.3497
2639648.438 1500000 6549.461496
2645507.812 1500000 6503.054526
2651367.188 1500000 6379.376477
2657226.562 1500000 6187.861086
2663085.938 1500000 5937.95101
2668945.312 1500000 5638.946149
2674804.688 1500000 5299.869347
2680664.062 1500000 4929.35665
2686523.438 1500000 4535.569186
2692382.812 1500000 4126.124861
2698242.188 1500000 3708.046693
2704101.562 1500000 3287.727742
2709960.938 1500000 2870.908807
2715820.312 1500000 2462.670667
2721679.688 1500000 2067.434953
2727539.062 1500000 1688.973231
2733398.438 1500000 1330.426632
2739257.812 1500000 994.3305218
2745117.188 1500000 682.64533
2750976.562 1500000 396.7916745
2756835.938 1500000 137.6888215
2762695.312 1500000 -94.20210399
2768554.688 1500000 -298.8355699
2774414.062 1500000 -476.5360366
2780273.438 1500000 -627.952787
2786132.812 1500000 -754.0155865
2791992.188 1500000 -855.8910349
2797851.562 1500000 -934.9403702
2803710.938 1500000 -992.679586
2809570.312 1500000 -1030.741686
2815429.688 1500000 -1050.841617
2821289.062 1500000 -1054.744108
2827148.438 1500000 -1044.232914
2833007.812 1500000 -1021.085838
2838867.188 1500000 -987.0492432
2844726.562 1500000 -943.8181145
2850585.938 1500000 -893.0173849
2856445.312 1500000 -836.1890794
2862304.688 1500000 -774.7795863
2868164.062 1500000 -710.133077
2874023.438 1500000 -643.485305
2879882.812 1500000 -575.9596248
2885742.188 1500000 -508.5648441
2891601.562 1500000 -442.1949728
2897460.938 1500000 -377.6293239
2903320.312 1500000 -315.5348511
2909179.688 1500000 -256.4690601
2915039.062 1500000 -200.8844402
2920898.438 1500000 -149.1333464
2926757.812 1500000 -101.4747069
2932617.188 1500000 -58.07985833
2938476.562 1500000 -19.03998744
2944335.938 1500000 15.62620377
2950195.312 1500000 45.96523665
2956054.688 1500000 72.08055877
2961914.062 1500000 94.12531199
2967773.438 1500000 112.2939754
2973632.812 1500000 126.8159477
2979492.188 1500000 137.9474717
2985351.562 1500000 145.9652991
2991210.938 1500000 151.1604712
2997070.312 1500000 153.8323559
3002929.688 1500000 154.28355
3008789.062 1500000 152.8152837
3014648.438 1500000 149.7228566
3020507.812 1500000 145.2922232
3026367.188 1500000 139.7964036
3032226.562 1500000 133.4935144
3038085.938 1500000 126.6241438
3043945.312 1500000 119.4098546
3049804.688 1500000 112.0522047
3055664.062 1500000 104.7317493
3061523.438 1500000 97.60790283
3067382.812 1500000 90.8187102
3073242.188 1500000 84.48161511
3079101.562 1500000 78.69368307
3084960.938 1500000 73.53253182
3090820.312 1500000 69.05715518
3096679.688 1500000 65.3092016
3102539.062 1500000 62.3139665
3108398.438 1500000 60.08235778
3114257.812 1500000 58.61190325
3120117.188 1500000 57.88855258
3125976.562 1500000 57.88800387
3131835.938 1500000 58.57720734
3137695.312 1500000 59.91589919
3143554.688 1500000 61.85793637
3149414.062 1500000 64.35270957
3155273.438 1500000 67.34625315
3161132.812 1500000 70.78236116
3166992.188 1500000 74.60414742
3172851.562 1500000 78.75487245
3178710.938 1500000 83.17837209
3184570.312 1500000 87.82071411
3354492.188 1500000 221.6132327
3360351.562 1500000 227.6300559
3366210.938 1500000 233.9342927
3372070.312 1500000 240.5058293
3377929.688 1500000 247.3039784
3383789.062 1500000 254.257779
3389648.438 1500000 261.2684664
3395507.812 1500000 268.2229835
3401367.188 1500000 275.0109884
3407226.562 1500000 281.5466103
3413085.938 1500000 287.7753848
3418945.312 1500000 293.6658234
3424804.688 1500000 299.2041779
3430664.062 1500000 304.3916802
3436523.438 1500000 309.2405052
3442382.812 1500000 313.7721136
3448242.188 1500000 318.0144769
3454101.562 1500000 322.0015412
3459960.938 1500000 325.7710145
3465820.312 1500000 329.3639549
3471679.688 1500000 332.8224851
3477539.062 1500000 336.1894469
3483398.438 1500000 339.5070427
3489257.812 1500000 342.8154351
3495117.188 1500000 346.1529311
3500976.562 1500000 349.5544344
3506835.938 1500000 353.051394
3512695.312 1500000 356.6712039
3518554.688 1500000 360.4365917
3524414.062 1500000 364.3655701
3530273.438 1500000 368.4710269
3536132.812 1500000 372.7603918
3541992.188 1500000 377.2355145
3547851.562 1500000 381.8924949
3553710.938 1500000 386.7224313
3559570.312 1500000 391.7105221
3331054.688 1500000 200.3902054
3336914.062 1500000 205.2962849
3342773.438 1500000 210.4560828
3348632.812 1500000 215.8904478
3284179.688 1500000 166.6353215
3290039.062 1500000 170.6276501
3295898.438 1500000 174.6208437
3301757.812 1500000 178.6449341
3307617.188 1500000 182.7321299
3313476.562 1500000 186.9161765
3319335.938 1500000 191.2314827
3325195.312 1500000 195.7119786
3225585.938 1500000 122.5720138
3231445.312 1500000 127.4338421
3237304.688 1500000 132.2005571
3243164.062 1500000 136.8617509
3249023.438 1500000 141.4117497
3254882.812 1500000 145.8494076
3260742.188 1500000 150.1782985
3266601.562 1500000 154.4067068
3272460.938 1500000 158.5472972
3278320.312 1500000 162.6166298
3213867.188 1500000 112.6302948
3219726.562 1500000 117.6305953
3190429.688 1500000 92.63027061
3196289.062 1500000 97.55858813
3202148.438 1500000 102.5609032
3208007.812 1500000 107.5967327
3577148.438 1500000 407.4041719
3583007.812 1500000 412.7853337
3588867.188 1500000 418.1875658
3594726.562 1500000 423.5761262
3600585.938 1500000 428.9160078
3606445.312 1500000 434.1722257
3612304.688 1500000 439.3112908
3618164.062 1500000 444.3036872
3624023.438 1500000 449.1254127
3629882.812 1500000 453.7600256
3635742.188 1500000 458.1989432
3641601.562 1500000 462.4405722
3647460.938 1500000 466.4895878
3653320.312 1500000 470.3565238
3659179.688 1500000 474.0573381
3665039.062 1500000 477.6134092
3670898.438 1500000 481.0515577
3676757.812 1500000 484.4037356
3682617.188 1500000 487.7066541
3688476.562 1500000 491.0016374
3694335.938 1500000 494.3338611
3700195.312 1500000 497.7515096
3706054.688 1500000 501.304949
3711914.062 1500000 505.0456146
3717773.438 1500000 509.0246767
3723632.812 1500000 513.2922304
3729492.188 1500000 517.8988972
3735351.562 1500000 522.894876
3741210.938 1500000 528.3141203
3747070.312 1500000 534.1377482
3565429.688 1500000 396.8370234
3571289.062 1500000 402.0777168
3916992.188 1500000 713.8420778
3922851.562 1500000 718.6334115
3928710.938 1500000 723.3110554
3934570.312 1500000 727.8880583
3940429.688 1500000 732.3798409
3946289.062 1500000 736.8040205
3952148.438 1500000 741.181351
3958007.812 1500000 745.5363744
3963867.188 1500000 749.8980458
3969726.562 1500000 754.3007492
3975585.938 1500000 758.7838458
3981445.312 1500000 763.3898678
3987304.688 1500000 768.1624817
3993164.062 1500000 773.1441542
3999023.438 1500000 778.3741402
4004882.812 1500000 783.8873122
4010742.188 1500000 789.712416
4016601.562 1500000 795.8715562
4022460.938 1500000 802.3801517
4028320.312 1500000 809.2477053
4034179.688 1500000 816.4804541
4040039.062 1500000 824.0812232
4045898.438 1500000 832.0487882
4051757.812 1500000 840.3767291
3893554.688 1500000 693.3480264
3899414.062 1500000 698.6860561
3905273.438 1500000 703.8768432
3911132.812 1500000 708.9263836
3846679.688 1500000 645.3512024
3852539.062 1500000 651.7881164
3858398.438 1500000 658.133083
3864257.812 1500000 664.3643397
3870117.188 1500000 670.4629762
3875976.562 1500000 676.41537
3881835.938 1500000 682.2145659
3887695.312 1500000 687.8584129
3752929.688 1500000 540.2872413
3758789.062 1500000 546.648178
3764648.438 1500000 553.1156505
3770507.812 1500000 559.6339476
3776367.188 1500000 566.1847103
3782226.562 1500000 572.7604345
3788085.938 1500000 579.3545302
3793945.312 1500000 585.9616495
3799804.688 1500000 592.577885
3805664.062 1500000 599.2006631
3811523.438 1500000 605.8277064
3817382.812 1500000 612.4558347
3823242.188 1500000 619.0802641
3829101.562 1500000 625.6937786
3834960.938 1500000 632.2861271
3840820.312 1500000 638.844084
4104492.188 1500000 924.904066
4110351.562 1500000 934.0602291
4116210.938 1500000 942.9305907
4122070.312 1500000 951.484559
4127929.688 1500000 959.6927515
4133789.062 1500000 967.5270756
4139648.438 1500000 974.9619056
4145507.812 1500000 981.975244
4151367.188 1500000 988.5510247
4157226.562 1500000 994.6814691
4163085.938 1500000 1000.370002
4168945.312 1500000 1005.635473
4174804.688 1500000 1010.520084
4180664.062 1500000 1015.099322
4186523.438 1500000 1019.483669
4192382.812 1500000 1023.807209
4198242.188 1500000 1028.215459
4204101.562 1500000 1032.856866
4209960.938 1500000 1037.876152
4215820.312 1500000 1043.407145
4221679.688 1500000 1049.565889
4227539.062 1500000 1056.444679
4233398.438 1500000 1064.108828
4239257.812 1500000 1072.598527
4245117.188 1500000 1081.933649
4250976.562 1500000 1092.120622
4256835.938 1500000 1103.156692
4262695.312 1500000 1115.03174
4268554.688 1500000 1127.711155
4274414.062 1500000 1141.088092
4280273.438 1500000 1155.025631
4286132.812 1500000 1169.517025
4291992.188 1500000 1184.709751
4297851.562 1500000 1200.804785
4303710.938 1500000 1218.035468
4309570.312 1500000 1236.683031
4315429.688 1500000 1257.05766
4321289.062 1500000 1279.471187
4327148.438 1500000 1304.206905
4333007.812 1500000 1331.482247
4338867.188 1500000 1361.555219
4344726.562 1500000 1394.823363
4350585.938 1500000 1431.662021
4356445.312 1500000 1472.219474
4362304.688 1500000 1516.404529
4368164.062 1500000 1564.093083
4374023.438 1500000 1615.216663
4379882.812 1500000 1668.648358
4385742.188 1500000 1720.561156
4391601.562 1500000 1765.76545
4397460.938 1500000 1802.057559
4403320.312 1500000 1830.925612
4409179.688 1500000 1852.88648
4415039.062 1500000 1866.27223
4420898.438 1500000 1874.068703
4426757.812 1500000 1899.663618
4432617.188 1500000 1971.170119
4438476.562 1500000 2066.388545
4444335.938 1500000 2144.201092
4450195.312 1500000 2210.455816
4456054.688 1500000 2272.236252
4461914.062 1500000 2304.46624
4467773.438 1500000 2311.601786
4473632.812 1500000 2342.96251
4479492.188 1500000 2383.704561
4485351.562 1500000 2390.525036
4491210.938 1500000 2311.515312
4497070.312 1500000 2060.83484
4081054.688 1500000 886.4590932
4086914.062 1500000 896.1881408
4092773.438 1500000 905.9000857
4098632.812 1500000 915.4990942
4069335.938 1500000 867.3110784
4075195.312 1500000 876.8063075
4057617.188 1500000 849.0498471
4063476.562 1500000 858.0411453
