# x y surface topography
4365234.375 2890000 1321.103807
4376953.125 2890000 1190.245561
4388671.875 2890000 1031.944866
4400390.625 2890000 943.8440757
4412109.375 2890000 1035.754596
2929.6875 2890000 1912.28146
8789.0625 2890000 1882.198582
14648.4375 2890000 1851.825067
20507.8125 2890000 1826.566186
26367.1875 2890000 1804.272035
32226.5625 2890000 1784.048445
38085.9375 2890000 1765.327864
43945.3125 2890000 1747.753176
49804.6875 2890000 1731.025775
55664.0625 2890000 1714.837584
61523.4375 2890000 1698.990831
67382.8125 2890000 1684.56041
73242.1875 2890000 1672.13996
79101.5625 2890000 1659.694064
84960.9375 2890000 1647.389455
90820.3125 2890000 1635.947598
96679.6875 2890000 1624.406602
102539.0625 2890000 1612.200171
108398.4375 2890000 1599.680008
114257.8125 2890000 1587.659342
120117.1875 2890000 1576.990066
125976.5625 2890000 1567.391528
131835.9375 2890000 1557.62197
137695.3125 2890000 1547.08641
143554.6875 2890000 1535.885513
149414.0625 2890000 1524.41153
155273.4375 2890000 1513.679579
161132.8125 2890000 1504.659608
166992.1875 2890000 1496.903016
172851.5625 2890000 1489.429925
178710.9375 2890000 1481.94436
184570.3125 2890000 1474.496976
190429.6875 2890000 1467.008946
196289.0625 2890000 1459.324218
202148.4375 2890000 1451.379345
208007.8125 2890000 1443.223848
213867.1875 2890000 1434.951143
219726.5625 2890000 1426.651454
225585.9375 2890000 1418.390916
231445.3125 2890000 1410.200548
237304.6875 2890000 1402.07456
243164.0625 2890000 1393.986363
249023.4375 2890000 1385.911617
254882.8125 2890000 1377.837772
260742.1875 2890000 1369.767857
266601.5625 2890000 1361.724988
272460.9375 2890000 1353.747236
278320.3125 2890000 1345.874657
284179.6875 2890000 1338.134895
290039.0625 2890000 1330.535491
295898.4375 2890000 1323.067829
301757.8125 2890000 1315.714307
307617.1875 2890000 1308.455866
313476.5625 2890000 1301.278432
319335.9375 2890000 1294.175536
325195.3125 2890000 1287.146022
331054.6875 2890000 1280.190431
336914.0625 2890000 1273.309238
342773.4375 2890000 1266.504223
348632.8125 2890000 1259.77426
354492.1875 2890000 1253.10785
360351.5625 2890000 1246.489499
366210.9375 2890000 1239.910341
372070.3125 2890000 1233.3691
377929.6875 2890000 1226.870427
383789.0625 2890000 1220.42355
389648.4375 2890000 1214.038172
395507.8125 2890000 1207.71938
401367.1875 2890000 1201.465854
407226.5625 2890000 1195.269376
413085.9375 2890000 1189.115329
418945.3125 2890000 1182.985211
424804.6875 2890000 1176.859429
430664.0625 2890000 1170.719973
436523.4375 2890000 1164.552939
442382.8125 2890000 1158.350943
448242.1875 2890000 1152.113646
454101.5625 2890000 1145.846344
459960.9375 2890000 1139.556615
465820.3125 2890000 1133.251705
471679.6875 2890000 1126.938704
477539.0625 2890000 1120.625418
483398.4375 2890000 1114.320773
489257.8125 2890000 1108.035521
495117.1875 2890000 1101.781996
500976.5625 2890000 1095.572018
506835.9375 2890000 1089.413821
512695.3125 2890000 1083.309092
518554.6875 2890000 1077.252368
524414.0625 2890000 1071.233561
530273.4375 2890000 1065.241356
536132.8125 2890000 1059.264681
541992.1875 2890000 1053.293875
547851.5625 2890000 1047.322014
553710.9375 2890000 1041.345264
559570.3125 2890000 1035.363305
565429.6875 2890000 1029.379229
571289.0625 2890000 1023.398879
577148.4375 2890000 1017.429762
583007.8125 2890000 1011.480094
588867.1875 2890000 1005.558514
594726.5625 2890000 999.6736675
600585.9375 2890000 993.834341
606445.3125 2890000 988.0492676
612304.6875 2890000 982.3270828
618164.0625 2890000 976.6754712
624023.4375 2890000 971.0965531
629882.8125 2890000 965.5813663
635742.1875 2890000 960.1111843
641601.5625 2890000 954.6654422
647460.9375 2890000 949.2276373
653320.3125 2890000 943.7866191
659179.6875 2890000 938.3358949
665039.0625 2890000 932.8725905
670898.4375 2890000 927.3963435
676757.8125 2890000 921.9086024
682617.1875 2890000 916.4118317
688476.5625 2890000 910.9090174
694335.9375 2890000 905.4032251
700195.3125 2890000 899.8967061
706054.6875 2890000 894.3908464
711914.0625 2890000 888.8854042
717773.4375 2890000 883.3783796
723632.8125 2890000 877.8660812
729492.1875 2890000 872.3430135
735351.5625 2890000 866.8027334
741210.9375 2890000 861.2383686
747070.3125 2890000 855.6428164
752929.6875 2890000 850.0097278
758789.0625 2890000 844.3333953
764648.4375 2890000 838.609832
770507.8125 2890000 832.8374834
776367.1875 2890000 827.0170579
782226.5625 2890000 821.1517441
788085.9375 2890000 815.246837
793945.3125 2890000 809.3088884
799804.6875 2890000 803.3447931
805664.0625 2890000 797.361688
811523.4375 2890000 791.3663776
817382.8125 2890000 785.3646261
823242.1875 2890000 779.3611047
829101.5625 2890000 773.3582289
834960.9375 2890000 767.3551669
840820.3125 2890000 761.3475886
846679.6875 2890000 755.3279874
852539.0625 2890000 749.2868074
858398.4375 2890000 743.213677
864257.8125 2890000 737.0978834
870117.1875 2890000 730.9301419
875976.5625 2890000 724.7024878
881835.9375 2890000 718.4085382
887695.3125 2890000 712.0441574
893554.6875 2890000 705.6069202
899414.0625 2890000 699.0968536
905273.4375 2890000 692.5159752
911132.8125 2890000 685.8685911
916992.1875 2890000 679.1618085
922851.5625 2890000 672.4052528
928710.9375 2890000 665.6115672
934570.3125 2890000 658.7959844
940429.6875 2890000 651.9763364
946289.0625 2890000 645.1722569
952148.4375 2890000 638.4044013
958007.8125 2890000 631.693815
963867.1875 2890000 625.0605756
969726.5625 2890000 618.5219802
975585.9375 2890000 612.0903891
981445.3125 2890000 605.7699032
987304.6875 2890000 599.5544325
993164.0625 2890000 593.4283156
999023.4375 2890000 587.3697188
1004882.812 2890000 581.3544648
1010742.188 2890000 575.3587089
1016601.562 2890000 569.3605947
1022460.938 2890000 563.3413726
1028320.312 2890000 557.2853053
1034179.688 2890000 551.1803773
1040039.062 2890000 545.0174431
1045898.438 2890000 538.7901081
1051757.812 2890000 532.494539
1057617.188 2890000 526.1281221
1063476.562 2890000 519.6894568
1069335.938 2890000 513.1772856
1075195.312 2890000 506.5902581
1081054.688 2890000 499.9261418
1086914.062 2890000 493.1821027
1092773.438 2890000 486.3545082
1098632.812 2890000 479.4386971
1104492.188 2890000 472.4297108
1110351.562 2890000 465.3222509
1116210.938 2890000 458.1110405
1122070.312 2890000 450.7910709
1127929.688 2890000 443.358506
1133789.062 2890000 435.8106888
1139648.438 2890000 428.1460375
1145507.812 2890000 420.3640665
1151367.188 2890000 412.4658341
1157226.562 2890000 404.4536022
1163085.938 2890000 396.330576
1168945.312 2890000 388.1013534
1174804.688 2890000 379.7715507
1180664.062 2890000 371.3482376
1186523.438 2890000 362.8398362
1192382.812 2890000 354.256117
1198242.188 2890000 345.6084611
1204101.562 2890000 336.9095801
1209960.938 2890000 328.1730146
1215820.312 2890000 319.412271
1221679.688 2890000 310.6408817
1227539.062 2890000 301.8707957
1233398.438 2890000 293.1114017
1239257.812 2890000 284.368282
1245117.188 2890000 275.6425291
1250976.562 2890000 266.9300844
1256835.938 2890000 258.2226398
1262695.312 2890000 249.509031
1268554.688 2890000 240.7753928
1274414.062 2890000 232.0066489
1280273.438 2890000 223.1874329
1286132.812 2890000 214.3019617
1291992.188 2890000 205.3353137
1297851.562 2890000 196.2742592
1303710.938 2890000 187.1064614
1309570.312 2890000 177.8221142
1315429.688 2890000 168.413865
1321289.062 2890000 158.8767947
1327148.438 2890000 149.208894
1333007.812 2890000 139.411356
1338867.188 2890000 129.4878691
1344726.562 2890000 119.4447819
1350585.938 2890000 109.2909943
1356445.312 2890000 99.03719447
1362304.688 2890000 88.69620502
1368164.062 2890000 78.28299141
1374023.438 2890000 67.8137193
1379882.812 2890000 57.30597898
1385742.188 2890000 46.77838532
1391601.562 2890000 36.24955873
1397460.938 2890000 25.73740092
1403320.312 2890000 15.25851255
1409179.688 2890000 4.825785336
1415039.062 2890000 -5.553243706
1420898.438 2890000 -15.87826365
1426757.812 2890000 -26.15715827
1432617.188 2890000 -36.40438254
1438476.562 2890000 -46.63829727
1444335.938 2890000 -56.87890102
1450195.312 2890000 -67.14623597
1456054.688 2890000 -77.45885096
1461914.062 2890000 -87.83375086
1467773.438 2890000 -98.28607363
1473632.812 2890000 -108.8283204
1479492.188 2890000 -119.4707384
1485351.562 2890000 -130.2209038
1491210.938 2890000 -141.0836551
1497070.312 2890000 -152.0615746
1502929.688 2890000 -163.1552201
1508789.062 2890000 -174.3632106
1514648.438 2890000 -185.6830155
1520507.812 2890000 -197.111497
1526367.188 2890000 -208.6452399
1532226.562 2890000 -220.2815717
1538085.938 2890000 -232.018837
1543945.312 2890000 -243.8565969
1549804.688 2890000 -255.795635
1555664.062 2890000 -267.8383199
1561523.438 2890000 -279.9883428
1567382.812 2890000 -292.2507728
1573242.188 2890000 -304.6319213
1579101.562 2890000 -317.138705
1584960.938 2890000 -329.7795755
1590820.312 2890000 -342.5634589
1596679.688 2890000 -355.4997332
1602539.062 2890000 -368.5977294
1608398.438 2890000 -381.8663999
1614257.812 2890000 -395.3141025
1620117.188 2890000 -408.9476838
1625976.562 2890000 -422.7729218
1631835.938 2890000 -436.7942281
1637695.312 2890000 -451.0138655
1643554.688 2890000 -465.4319899
1649414.062 2890000 -480.0464253
1655273.438 2890000 -494.8527889
1661132.812 2890000 -509.8443027
1666992.188 2890000 -525.0121487
1672851.562 2890000 -540.3453363
1678710.938 2890000 -555.8309466
1684570.312 2890000 -571.4545234
1690429.688 2890000 -587.200771
1696289.062 2890000 -603.0538636
1702148.438 2890000 -618.9983808
1708007.812 2890000 -635.020461
1713867.188 2890000 -651.1082052
1719726.562 2890000 -667.2530141
1725585.938 2890000 -683.4508076
1731445.312 2890000 -699.7022875
1737304.688 2890000 -716.0130158
1743164.062 2890000 -732.3932021
1749023.438 2890000 -748.8573388
1754882.812 2890000 -765.423072
1760742.188 2890000 -782.1116724
1766601.562 2890000 -798.9468162
1772460.938 2890000 -815.9548151
1778320.312 2890000 -833.1648483
1784179.688 2890000 -850.6083035
1790039.062 2890000 -868.3191987
1795898.438 2890000 -886.3338704
1801757.812 2890000 -904.691053
1807617.188 2890000 -923.4310435
1813476.562 2890000 -942.5963523
1819335.938 2890000 -962.2308689
1825195.312 2890000 -982.3788845
1831054.688 2890000 -1003.085452
1836914.062 2890000 -1024.394251
1842773.438 2890000 -1046.3467
1848632.812 2890000 -1068.981021
1854492.188 2890000 -1092.330628
1860351.562 2890000 -1116.422435
1866210.938 2890000 -1141.275444
1872070.312 2890000 -1166.899408
1877929.688 2890000 -1193.292737
1883789.062 2890000 -1220.441763
1889648.438 2890000 -1248.319105
1895507.812 2890000 -1276.88265
1901367.188 2890000 -1306.074531
1907226.562 2890000 -1335.82113
1913085.938 2890000 -1366.03232
1918945.312 2890000 -1396.602715
1924804.688 2890000 -1427.412447
1930664.062 2890000 -1458.328075
1936523.438 2890000 -1489.206089
1942382.812 2890000 -1519.892471
1948242.188 2890000 -1550.222877
1954101.562 2890000 -1580.024515
1959960.938 2890000 -1609.115252
1965820.312 2890000 -1637.305849
1971679.688 2890000 -1664.403704
1977539.062 2890000 -1690.216523
1983398.438 2890000 -1714.557837
1989257.812 2890000 -1737.253666
1995117.188 2890000 -1758.149441
2000976.562 2890000 -1777.118659
2006835.938 2890000 -1794.071437
2012695.312 2890000 -1808.965257
2018554.688 2890000 -1821.814345
2024414.062 2890000 -1832.700905
2030273.438 2890000 -1841.785617
2036132.812 2890000 -1849.317429
2041992.188 2890000 -1855.6445
2047851.562 2890000 -1861.222987
2053710.938 2890000 -1866.624724
2059570.312 2890000 -1872.543299
2065429.688 2890000 -1879.799446
2071289.062 2890000 -1889.341759
2077148.438 2890000 -1902.246677
2083007.812 2890000 -1919.714345
2088867.188 2890000 -1943.060438
2094726.562 2890000 -1973.704963
2100585.938 2890000 -2013.156328
2106445.312 2890000 -2062.992129
2112304.688 2890000 -2124.83563
2118164.062 2890000 -2200.327687
2124023.438 2890000 -2291.093877
2129882.812 2890000 -2398.707177
2135742.188 2890000 -2524.646402
2141601.562 2890000 -2670.251715
2147460.938 2890000 -2836.676093
2153320.312 2890000 -3024.835984
2159179.688 2890000 -3235.35879
2165039.062 2890000 -3468.529984
2170898.438 2890000 -3724.241329
2176757.812 2890000 -4001.939419
2182617.188 2890000 -4300.578283
2188476.562 2890000 -4618.574937
2194335.938 2890000 -4953.771113
2200195.312 2890000 -5303.40433
2206054.688 2890000 -5664.084094
2211914.062 2890000 -6031.781237
2217773.438 2890000 -6401.827397
2223632.812 2890000 -6768.926469
2229492.188 2890000 -7127.18133
2235351.562 2890000 -7470.132482
2241210.938 2890000 -7790.812395
2247070.312 2890000 -8081.819497
2252929.688 2890000 -8335.397571
2258789.062 2890000 -8543.53477
2264648.438 2890000 -8698.076268
2270507.812 2890000 -8790.841681
2276367.188 2890000 -8813.757382
2282226.562 2890000 -8758.995866
2288085.938 2890000 -8619.129445
2293945.312 2890000 -8387.310346
2299804.688 2890000 -8057.499218
2305664.062 2890000 -7624.773104
2311523.438 2890000 -7085.692972
2317382.812 2890000 -6438.639209
2323242.188 2890000 -5684.191262
2329101.562 2890000 -4825.462138
2334960.938 2890000 -3868.217728
2340820.312 2890000 -2820.818853
2346679.688 2890000 -1694.324714
2352539.062 2890000 -502.4096455
2358398.438 2890000 738.3277645
2364257.812 2890000 2007.389366
2370117.188 2890000 3279.464667
2375976.562 2890000 4578.046179
2381835.938 2890000 6058.88593
2387695.312 2890000 7193.242204
2393554.688 2890000 7248.240249
2399414.062 2890000 6610.986292
2405273.438 2890000 5711.076936
2411132.812 2890000 4721.545769
2416992.188 2890000 3599.57274
2422851.562 2890000 2287.719464
2428710.938 2890000 836.7184689
2434570.312 2890000 -552.0353651
2440429.688 2890000 -1764.871882
2446289.062 2890000 -3098.838961
2452148.438 2890000 -4513.722735
2458007.812 2890000 -5636.810179
2463867.188 2890000 -6563.046271
2469726.562 2890000 -7638.475987
2475585.938 2890000 -8689.175302
2481445.312 2890000 -9343.03849
2487304.688 2890000 -9624.545693
2493164.062 2890000 -9638.655991
2499023.438 2890000 -9426.606913
2504882.812 2890000 -9008.255708
2510742.188 2890000 -8467.205873
2516601.562 2890000 -7815.594416
2522460.938 2890000 -7082.294942
2528320.312 2890000 -6293.784252
2534179.688 2890000 -5473.672098
2540039.062 2890000 -4642.723218
2545898.438 2890000 -3818.894131
2551757.812 2890000 -3017.435289
2557617.188 2890000 -2251.009993
2563476.562 2890000 -1529.844246
2569335.938 2890000 -861.891398
2575195.312 2890000 -253.0186361
2581054.688 2890000 292.8008694
2586914.062 2890000 773.2890623
2592773.438 2890000 1187.65907
2598632.812 2890000 1536.420118
2604492.188 2890000 1821.187619
2610351.562 2890000 2044.500167
2616210.938 2890000 2209.652375
2622070.312 2890000 2320.535343
2627929.688 2890000 2381.491669
2633789.062 2890000 2397.182446
2639648.438 2890000 2372.467065
2645507.812 2890000 2312.297675
2651367.188 2890000 2221.623921
2657226.562 2890000 2105.313533
2663085.938 2890000 1968.081454
2668945.312 2890000 1814.431794
2674804.688 2890000 1648.610738
2680664.062 2890000 1474.569705
2686523.438 2890000 1295.936062
2692382.812 2890000 1115.993813
2698242.188 2890000 937.6723743
2704101.562 2890000 763.540782
2709960.938 2890000 595.8090856
2715820.312 2890000 436.336101
2721679.688 2890000 286.6406128
2727539.062 2890000 147.9168103
2733398.438 2890000 21.0532883
2739257.812 2890000 -93.34584977
2745117.188 2890000 -194.9372358
2750976.562 2890000 -283.6135126
2756835.938 2890000 -359.4785933
2762695.312 2890000 -422.8208316
2768554.688 2890000 -474.0889667
2774414.062 2890000 -513.865771
2780273.438 2890000 -542.8435712
2786132.812 2890000 -561.8015555
2791992.188 2890000 -571.5837784
2797851.562 2890000 -573.079177
2803710.938 2890000 -567.2011502
2809570.312 2890000 -554.8718044
2815429.688 2890000 -537.0059087
2821289.062 2890000 -514.4994895
2827148.438 2890000 -488.2168058
2833007.812 2890000 -458.9806255
2838867.188 2890000 -427.5646821
2844726.562 2890000 -394.685868
2850585.938 2890000 -360.9996772
2856445.312 2890000 -327.0950704
2862304.688 2890000 -293.4940319
2868164.062 2890000 -260.6488818
2874023.438 2890000 -228.9448698
2879882.812 2890000 -198.7019081
2885742.188 2890000 -170.1776504
2891601.562 2890000 -143.5714003
2897460.938 2890000 -119.0296913
2903320.312 2890000 -96.64727632
2909179.688 2890000 -76.47319114
2915039.062 2890000 -58.51497987
2920898.438 2890000 -42.74240798
2926757.812 2890000 -29.09094566
2932617.188 2890000 -17.46878432
2938476.562 2890000 -7.760046708
2944335.938 2890000 0.1703689882
2950195.312 2890000 6.470995201
2956054.688 2890000 11.29973331
2961914.062 2890000 14.82185536
2967773.438 2890000 17.20339932
2973632.812 2890000 18.61209814
2979492.188 2890000 19.21314422
2985351.562 2890000 19.16686576
2991210.938 2890000 18.62565673
2997070.312 2890000 17.73463212
3002929.688 2890000 16.62512201
3008789.062 2890000 15.41666471
3014648.438 2890000 14.21604705
3020507.812 2890000 13.1158092
3026367.188 2890000 12.19707675
3032226.562 2890000 11.52877169
3038085.938 2890000 11.16985799
3043945.312 2890000 11.16828625
3049804.688 2890000 11.56149184
3055664.062 2890000 12.37559561
3061523.438 2890000 13.62431097
3067382.812 2890000 15.30890052
3073242.188 2890000 17.41875889
3079101.562 2890000 19.93349239
3084960.938 2890000 22.82543804
3090820.312 2890000 26.06126228
3096679.688 2890000 29.60537728
3102539.062 2890000 33.4215587
3108398.438 2890000 37.47463931
3114257.812 2890000 41.7300568
3120117.188 2890000 46.15478915
3125976.562 2890000 50.71742445
3131835.938 2890000 55.38875403
3137695.312 2890000 60.14040589
3143554.688 2890000 64.9468672
3149414.062 2890000 69.78494517
3155273.438 2890000 74.63400328
3161132.812 2890000 79.4767847
3166992.188 2890000 84.2997604
3172851.562 2890000 89.09208735
3178710.938 2890000 93.84486174
3184570.312 2890000 98.55193597
3190429.688 2890000 103.2084949
3196289.062 2890000 107.8119942
3202148.438 2890000 112.3641396
3208007.812 2890000 116.8699397
3213867.188 2890000 121.3396717
3219726.562 2890000 125.7861577
3225585.938 2890000 130.2254484
3231445.312 2890000 134.6744164
3237304.688 2890000 139.1485725
3243164.062 2890000 143.6629127
3249023.438 2890000 148.2280321
3254882.812 2890000 152.8509002
3260742.188 2890000 157.5356841
3266601.562 2890000 162.2832898
3272460.938 2890000 167.0928163
3278320.312 2890000 171.9635687
3284179.688 2890000 176.8946703
3290039.062 2890000 181.8850936
3295898.438 2890000 186.9339675
3301757.812 2890000 192.0409188
3307617.188 2890000 197.2031028
3313476.562 2890000 202.4142598
3319335.938 2890000 207.6655321
3325195.312 2890000 212.9454045
3331054.688 2890000 218.2413258
3336914.062 2890000 223.5394443
3342773.438 2890000 228.8271049
3348632.812 2890000 234.0937207
3354492.188 2890000 239.3290039
3360351.562 2890000 244.5262777
3366210.938 2890000 249.6794525
3372070.312 2890000 254.7832639
3377929.688 2890000 259.8337022
3383789.062 2890000 264.8277894
3389648.438 2890000 269.7624064
3395507.812 2890000 274.6353281
3401367.188 2890000 279.4458807
3407226.562 2890000 284.1928668
3413085.938 2890000 288.8757894
3418945.312 2890000 293.493807
3424804.688 2890000 298.0458226
3430664.062 2890000 302.5290778
3436523.438 2890000 306.939373
3442382.812 2890000 311.2727994
3448242.188 2890000 315.5247981
3454101.562 2890000 319.6926123
3459960.938 2890000 323.7765193
3465820.312 2890000 327.7806712
3471679.688 2890000 331.7130487
3477539.062 2890000 335.5866301
3483398.438 2890000 339.4180855
3489257.812 2890000 343.2273118
3495117.188 2890000 347.036705
3500976.562 2890000 350.869801
3506835.938 2890000 354.7503467
3512695.312 2890000 358.7022438
3518554.688 2890000 362.748874
3524414.062 2890000 366.9118969
3530273.438 2890000 371.2117046
3536132.812 2890000 375.6669234
3541992.188 2890000 380.2932015
3547851.562 2890000 385.1036986
3553710.938 2890000 390.1089357
3559570.312 2890000 395.3160853
3565429.688 2890000 400.7291869
3571289.062 2890000 406.3485313
3577148.438 2890000 412.170506
3583007.812 2890000 418.1878733
3588867.188 2890000 424.3889653
3594726.562 2890000 430.7586631
3600585.938 2890000 437.2783112
3606445.312 2890000 443.9250608
3612304.688 2890000 450.6730975
3618164.062 2890000 457.4928653
3624023.438 2890000 464.3519929
3629882.812 2890000 471.2167712
3635742.188 2890000 478.0518025
3641601.562 2890000 484.8223308
3647460.938 2890000 491.4960687
3653320.312 2890000 498.0455608
3659179.688 2890000 504.4500794
3665039.062 2890000 510.6967107
3670898.438 2890000 516.7796427
3676757.812 2890000 522.6975989
3682617.188 2890000 528.4527842
3688476.562 2890000 534.0501245
3694335.938 2890000 539.4954973
3700195.312 2890000 544.7960599
3706054.688 2890000 549.958669
3711914.062 2890000 554.9902305
3717773.438 2890000 559.8982
3723632.812 2890000 564.6886012
3729492.188 2890000 569.3675625
3735351.562 2890000 573.9421849
3741210.938 2890000 578.4199965
3747070.312 2890000 582.8106447
3752929.688 2890000 587.1273695
3758789.062 2890000 591.3870156
3764648.438 2890000 595.6123322
3770507.812 2890000 599.8314791
3776367.188 2890000 604.0768448
3782226.562 2890000 608.3839273
3788085.938 2890000 612.789455
3793945.312 2890000 617.3305891
3799804.688 2890000 622.0438466
3805664.062 2890000 626.9647605
3811523.438 2890000 632.126858
3817382.812 2890000 637.5617843
3823242.188 2890000 643.2977099
3829101.562 2890000 649.3579789
3834960.938 2890000 655.7611198
3840820.312 2890000 662.5180659
3846679.688 2890000 669.6325626
3852539.062 2890000 677.0988485
3858398.438 2890000 684.9017698
3864257.812 2890000 693.0155805
3870117.188 2890000 701.4035168
3875976.562 2890000 710.0184275
3881835.938 2890000 718.8023453
3887695.312 2890000 727.6875032
3893554.688 2890000 736.5973578
3899414.062 2890000 745.4486155
3905273.438 2890000 754.1555155
3911132.812 2890000 762.6381423
3916992.188 2890000 770.8301939
3922851.562 2890000 778.6847038
3928710.938 2890000 786.1768426
3934570.312 2890000 793.2966494
3940429.688 2890000 800.0469197
3946289.062 2890000 806.4383884
3952148.438 2890000 812.4858056
3958007.812 2890000 818.2098506
3963867.188 2890000 823.6323245
3969726.562 2890000 828.7763736
3975585.938 2890000 833.6680369
3981445.312 2890000 838.3348027
3987304.688 2890000 842.8066203
3993164.062 2890000 847.1193562
3999023.438 2890000 851.3167594
4004882.812 2890000 855.4557192
4010742.188 2890000 859.606302
4016601.562 2890000 863.8509362
4022460.938 2890000 868.2795051
4028320.312 2890000 872.981333
4034179.688 2890000 878.0439358
4040039.062 2890000 883.5468538
4045898.438 2890000 889.5610755
4051757.812 2890000 896.1472976
4057617.188 2890000 903.3551061
4063476.562 2890000 911.2242321
4069335.938 2890000 919.7813384
4075195.312 2890000 929.0392287
4081054.688 2890000 938.9942524
4086914.062 2890000 949.6205261
4092773.438 2890000 960.8695409
4098632.812 2890000 972.6626954
4104492.188 2890000 984.8912032
4110351.562 2890000 997.4116997
4116210.938 2890000 1010.042648
4122070.312 2890000 1022.57111
4127929.688 2890000 1034.780195
4133789.062 2890000 1046.502286
4139648.438 2890000 1057.647138
4145507.812 2890000 1068.175775
4151367.188 2890000 1078.064485
4157226.562 2890000 1087.291166
4163085.938 2890000 1095.831919
4168945.312 2890000 1103.660778
4174804.688 2890000 1110.746972
4180664.062 2890000 1117.061396
4186523.438 2890000 1122.580543
4192382.812 2890000 1127.302059
4198242.188 2890000 1131.272622
4204101.562 2890000 1134.625257
4209960.938 2890000 1137.58996
4215820.312 2890000 1140.461328
4221679.688 2890000 1143.565922
4227539.062 2890000 1147.240981
4233398.438 2890000 1151.812847
4239257.812 2890000 1157.570712
4245117.188 2890000 1164.7416
4250976.562 2890000 1173.478777
4256835.938 2890000 1183.875246
4262695.312 2890000 1195.997214
4268554.688 2890000 1209.92004
4274414.062 2890000 1225.735717
4280273.438 2890000 1243.508009
4286132.812 2890000 1263.143585
4291992.188 2890000 1284.196978
4297851.562 2890000 1306.097207
4303710.938 2890000 1328.636167
4309570.312 2890000 1351.81368
4315429.688 2890000 1375.473257
4321289.062 2890000 1399.30605
4327148.438 2890000 1422.75709
4333007.812 2890000 1445.179878
4338867.188 2890000 1463.848474
4344726.562 2890000 1478.670385
4350585.938 2890000 1474.659544
4356445.312 2890000 1456.346577
4420898.438 2890000 1374.78251
4426757.812 2890000 1462.714031
4432617.188 2890000 1523.997478
4438476.562 2890000 1562.006129
4444335.938 2890000 1589.602036
4450195.312 2890000 1599.312675
4456054.688 2890000 1602.663305
4461914.062 2890000 1622.359686
4467773.438 2890000 1665.730272
4473632.812 2890000 1710.091759
4479492.188 2890000 1748.587111
4485351.562 2890000 1786.641199
4491210.938 2890000 1828.883138
4497070.312 2890000 1870.076597
