# x y bottom topography
1546875 0 -36.15029225
1640625 0 -39.10549324
1734375 0 -41.73736216
1828125 0 -43.99953646
1921875 0 -45.85853574
2015625 0 -47.29446174
2109375 0 -48.30076847
2203125 0 -48.88330638
2296875 0 -49.05889703
2390625 0 -48.85338981
2484375 0 -48.29961213
2578125 0 -47.43543857
2671875 0 -46.30180381
2765625 0 -44.94107438
2859375 0 -43.39575098
2953125 0 -41.70730545
46875 0 4.382752535
140625 0 4.001787281
234375 0 3.241085952
328125 0 2.103575782
421875 0 0.5947183458
515625 0 -1.276382308
609375 0 -3.495525678
703125 0 -6.041975524
796875 0 -8.887125355
890625 0 -11.99349226
984375 0 -15.31428536
1078125 0 -18.79350161
1171875 0 -22.36688162
1265625 0 -25.9638
1359375 0 -29.50977142
1453125 0 -32.92948843
3046875 0 -39.91545203
3140625 0 -38.05766842
3234375 0 -36.16884525
3328125 0 -34.28121434
3421875 0 -32.42439501
3515625 0 -30.62545965
3609375 0 -28.90910644
3703125 0 -27.29781297
3796875 0 -25.81195184
3890625 0 -24.46985977
3984375 0 -23.28783446
4078125 0 -22.28015142
4171875 0 -21.45896229
4265625 0 -20.83415364
4359375 0 -20.41334529
4453125 0 -20.2016655
