# x y surface topography
5859.375 2890000 2050.648166
17578.125 2890000 2012.296816
29296.875 2890000 1976.155069
41015.625 2890000 1960.774438
52734.375 2890000 1982.097508
64453.125 2890000 1991.046272
76171.875 2890000 1981.561766
87890.625 2890000 1985.502261
99609.375 2890000 2005.882198
108398.4375 2890000 1932.744085
114257.8125 2890000 1908.76064
120117.1875 2890000 1881.177532
125976.5625 2890000 1862.067184
131835.9375 2890000 1838.270822
137695.3125 2890000 1815.593481
143554.6875 2890000 1794.141219
149414.0625 2890000 1773.949942
155273.4375 2890000 1754.314198
161132.8125 2890000 1735.36545
166992.1875 2890000 1718.121155
172851.5625 2890000 1703.522478
178710.9375 2890000 1691.527102
184570.3125 2890000 1681.262433
190429.6875 2890000 1671.704098
196289.0625 2890000 1662.219388
202148.4375 2890000 1652.737631
208007.8125 2890000 1643.492855
213867.1875 2890000 1634.665758
219726.5625 2890000 1626.275122
225585.9375 2890000 1618.247366
231445.3125 2890000 1610.471782
237304.6875 2890000 1602.832303
243164.0625 2890000 1595.233635
249023.4375 2890000 1587.622886
254882.8125 2890000 1579.998964
260742.1875 2890000 1572.395173
266601.5625 2890000 1564.833891
272460.9375 2890000 1557.303487
278320.3125 2890000 1549.777652
284179.6875 2890000 1542.228134
290039.0625 2890000 1534.627744
295898.4375 2890000 1526.957968
301757.8125 2890000 1519.21561
307617.1875 2890000 1511.413091
313476.5625 2890000 1503.573438
319335.9375 2890000 1495.72306
325195.3125 2890000 1487.88616
331054.6875 2890000 1480.08173
336914.0625 2890000 1472.325106
342773.4375 2890000 1464.635037
348632.8125 2890000 1457.019748
354492.1875 2890000 1449.457471
360351.5625 2890000 1441.913108
366210.9375 2890000 1434.362142
372070.3125 2890000 1426.791054
377929.6875 2890000 1419.190393
383789.0625 2890000 1411.552275
389648.4375 2890000 1403.869333
395507.8125 2890000 1396.132696
401367.1875 2890000 1388.330614
407226.5625 2890000 1380.447288
413085.9375 2890000 1372.463716
418945.3125 2890000 1364.35848
424804.6875 2890000 1356.110759
430664.0625 2890000 1347.70227
436523.4375 2890000 1339.119133
442382.8125 2890000 1330.353522
448242.1875 2890000 1321.403943
454101.5625 2890000 1312.275308
459960.9375 2890000 1302.97779
465820.3125 2890000 1293.526084
471679.6875 2890000 1283.938928
477539.0625 2890000 1274.238462
483398.4375 2890000 1264.449102
489257.8125 2890000 1254.596895
495117.1875 2890000 1244.708418
500976.5625 2890000 1234.809528
506835.9375 2890000 1224.92341
512695.3125 2890000 1215.067949
518554.6875 2890000 1205.255254
524414.0625 2890000 1195.49437
530273.4375 2890000 1185.792422
536132.8125 2890000 1176.156963
541992.1875 2890000 1166.595263
547851.5625 2890000 1157.115126
553710.9375 2890000 1147.725362
559570.3125 2890000 1138.434478
565429.6875 2890000 1129.252568
571289.0625 2890000 1120.189819
577148.4375 2890000 1111.256967
583007.8125 2890000 1102.465768
588867.1875 2890000 1093.827831
594726.5625 2890000 1085.354637
600585.9375 2890000 1077.056683
606445.3125 2890000 1068.943043
612304.6875 2890000 1061.019665
618164.0625 2890000 1053.288752
624023.4375 2890000 1045.745334
629882.8125 2890000 1038.372446
635742.1875 2890000 1031.143125
641601.5625 2890000 1024.02464
647460.9375 2890000 1016.981702
653320.3125 2890000 1009.979578
659179.6875 2890000 1002.984391
665039.0625 2890000 995.9630536
670898.4375 2890000 988.8847126
676757.8125 2890000 981.7208237
682617.1875 2890000 974.4451357
688476.5625 2890000 967.0341958
694335.9375 2890000 959.4674108
700195.3125 2890000 951.7270909
706054.6875 2890000 943.798732
711914.0625 2890000 935.6697536
717773.4375 2890000 927.3307037
723632.8125 2890000 918.7755049
729492.1875 2890000 909.9998248
735351.5625 2890000 901.0025941
741210.9375 2890000 891.785389
747070.3125 2890000 882.3515133
752929.6875 2890000 872.707864
758789.0625 2890000 862.863231
764648.4375 2890000 852.8282739
770507.8125 2890000 842.6171008
776367.1875 2890000 832.2449613
782226.5625 2890000 821.7292394
788085.9375 2890000 811.0888733
793945.3125 2890000 800.3438034
799804.6875 2890000 789.5142968
805664.0625 2890000 778.6213081
811523.4375 2890000 767.6855341
817382.8125 2890000 756.7264653
823242.1875 2890000 745.7632412
829101.5625 2890000 734.8126129
834960.9375 2890000 723.8884645
840820.3125 2890000 713.0023399
846679.6875 2890000 702.1620456
852539.0625 2890000 691.3732437
858398.4375 2890000 680.6394489
864257.8125 2890000 669.9625806
870117.1875 2890000 659.3432738
875976.5625 2890000 648.781476
881835.9375 2890000 638.2766878
887695.3125 2890000 627.8275606
893554.6875 2890000 617.4337409
899414.0625 2890000 607.0942707
905273.4375 2890000 596.80889
911132.8125 2890000 586.5787763
916992.1875 2890000 576.4046075
922851.5625 2890000 566.2886695
928710.9375 2890000 556.2320388
934570.3125 2890000 546.2365422
940429.6875 2890000 536.3045283
946289.0625 2890000 526.4377222
952148.4375 2890000 516.6379799
958007.8125 2890000 506.9058415
963867.1875 2890000 497.2408413
969726.5625 2890000 487.6416528
975585.9375 2890000 478.1041732
981445.3125 2890000 468.6206032
987304.6875 2890000 459.1803269
993164.0625 2890000 449.7681854
999023.4375 2890000 440.36612
1004882.812 2890000 430.9563004
1010742.188 2890000 421.5197948
1016601.562 2890000 412.0385458
1022460.938 2890000 402.4959803
1028320.312 2890000 392.8760161
1034179.688 2890000 383.1651128
1040039.062 2890000 373.3512293
1045898.438 2890000 363.4246712
1051757.812 2890000 353.378102
1057617.188 2890000 343.2052844
1063476.562 2890000 332.9020822
1069335.938 2890000 322.4673134
1075195.312 2890000 311.9006328
1081054.688 2890000 301.2037043
1086914.062 2890000 290.3797682
1092773.438 2890000 279.4336836
1098632.812 2890000 268.3707571
1104492.188 2890000 257.1983363
1110351.562 2890000 245.9245824
1116210.938 2890000 234.5577717
1122070.312 2890000 223.1073244
1127929.688 2890000 211.5827123
1133789.062 2890000 199.9936365
1139648.438 2890000 188.3502595
1145507.812 2890000 176.6619516
1151367.188 2890000 164.9385091
1157226.562 2890000 153.1889278
1163085.938 2890000 141.4216434
1168945.312 2890000 129.6450788
1174804.688 2890000 117.8668381
1180664.062 2890000 106.0937919
1186523.438 2890000 94.33228335
1192382.812 2890000 82.58737155
1198242.188 2890000 70.86416359
1204101.562 2890000 59.16732916
1209960.938 2890000 47.49936905
1215820.312 2890000 35.86289857
1221679.688 2890000 24.2595397
1227539.062 2890000 12.68929809
1233398.438 2890000 1.150504605
1239257.812 2890000 -10.35866028
1245117.188 2890000 -21.84262788
1250976.562 2890000 -33.3077706
1256835.938 2890000 -44.76043367
1262695.312 2890000 -56.20888383
1268554.688 2890000 -67.66159615
1274414.062 2890000 -79.12610531
1280273.438 2890000 -90.611257
1286132.812 2890000 -102.1244504
1291992.188 2890000 -113.6726222
1297851.562 2890000 -125.2616479
1303710.938 2890000 -136.8966054
1309570.312 2890000 -148.5808333
1315429.688 2890000 -160.3165021
1321289.062 2890000 -172.1048363
1327148.438 2890000 -183.9447457
1333007.812 2890000 -195.833493
1338867.188 2890000 -207.7676534
1344726.562 2890000 -219.742171
1350585.938 2890000 -231.7491756
1356445.312 2890000 -243.7802182
1362304.688 2890000 -255.8256524
1368164.062 2890000 -267.8737836
1374023.438 2890000 -279.9119337
1379882.812 2890000 -291.927138
1385742.188 2890000 -303.9048182
1391601.562 2890000 -315.8304683
1397460.938 2890000 -327.6897408
1403320.312 2890000 -339.4679411
1409179.688 2890000 -351.1521197
1415039.062 2890000 -362.7303921
1420898.438 2890000 -374.1926774
1426757.812 2890000 -385.5313616
1432617.188 2890000 -396.7408903
1438476.562 2890000 -407.8173869
1444335.938 2890000 -418.7579696
1450195.312 2890000 -429.560435
1456054.688 2890000 -440.2238318
1461914.062 2890000 -450.7475312
1467773.438 2890000 -461.1310101
1473632.812 2890000 -471.3745371
1479492.188 2890000 -481.4791365
1485351.562 2890000 -491.4455889
1491210.938 2890000 -501.2757617
1497070.312 2890000 -510.9723483
1502929.688 2890000 -520.5382402
1508789.062 2890000 -529.977993
1514648.438 2890000 -539.2966643
1520507.812 2890000 -548.5008616
1526367.188 2890000 -557.5986113
1532226.562 2890000 -566.5989287
1538085.938 2890000 -575.5130921
1543945.312 2890000 -584.3537837
1549804.688 2890000 -593.1349822
1555664.062 2890000 -601.8726605
1561523.438 2890000 -610.5846772
1567382.812 2890000 -619.2894128
1573242.188 2890000 -628.0077049
1579101.562 2890000 -636.7621618
1584960.938 2890000 -645.5754995
1590820.312 2890000 -654.4719702
1596679.688 2890000 -663.4770056
1602539.062 2890000 -672.6169041
1608398.438 2890000 -681.9172616
1614257.812 2890000 -691.4051972
1620117.188 2890000 -701.1073874
1625976.562 2890000 -711.048931
1631835.938 2890000 -721.2552794
1637695.312 2890000 -731.7504573
1643554.688 2890000 -742.5561034
1649414.062 2890000 -753.6930872
1655273.438 2890000 -765.1791903
1661132.812 2890000 -777.0294706
1666992.188 2890000 -789.2570789
1672851.562 2890000 -801.8703284
1678710.938 2890000 -814.8743779
1684570.312 2890000 -828.2692455
1690429.688 2890000 -842.0539019
1696289.062 2890000 -856.2233945
1702148.438 2890000 -870.7647681
1708007.812 2890000 -885.6602867
1713867.188 2890000 -900.8873506
1719726.562 2890000 -916.4195931
1725585.938 2890000 -932.2249417
1731445.312 2890000 -948.2670855
1737304.688 2890000 -964.5051036
1743164.062 2890000 -980.8924266
1749023.438 2890000 -997.3781019
1754882.812 2890000 -1013.906737
1760742.188 2890000 -1030.417248
1766601.562 2890000 -1046.84415
1772460.938 2890000 -1063.117811
1778320.312 2890000 -1079.164516
1784179.688 2890000 -1094.906443
1790039.062 2890000 -1110.262966
1795898.438 2890000 -1125.151641
1801757.812 2890000 -1139.487051
1807617.188 2890000 -1153.183059
1813476.562 2890000 -1166.154627
1819335.938 2890000 -1178.315767
1825195.312 2890000 -1189.583557
1831054.688 2890000 -1199.878564
1836914.062 2890000 -1209.124798
1842773.438 2890000 -1217.252778
1848632.812 2890000 -1224.200248
1854492.188 2890000 -1229.912946
1860351.562 2890000 -1234.347564
1866210.938 2890000 -1237.472234
1872070.312 2890000 -1239.268551
1877929.688 2890000 -1239.732853
1883789.062 2890000 -1238.879105
1889648.438 2890000 -1236.739434
1895507.812 2890000 -1233.365342
1901367.188 2890000 -1228.830098
1907226.562 2890000 -1223.230437
1913085.938 2890000 -1216.687173
1918945.312 2890000 -1209.346723
1924804.688 2890000 -1201.383275
1930664.062 2890000 -1192.998033
1936523.438 2890000 -1184.420726
1942382.812 2890000 -1175.911244
1948242.188 2890000 -1167.757326
1954101.562 2890000 -1160.27478
1959960.938 2890000 -1153.808541
1965820.312 2890000 -1148.728636
1971679.688 2890000 -1145.429988
1977539.062 2890000 -1144.331825
1983398.438 2890000 -1145.872711
1989257.812 2890000 -1150.509518
1995117.188 2890000 -1158.714696
2000976.562 2890000 -1170.971302
2006835.938 2890000 -1187.768674
2012695.312 2890000 -1209.599534
2018554.688 2890000 -1236.953145
2024414.062 2890000 -1270.310187
2030273.438 2890000 -1310.136967
2036132.812 2890000 -1356.879506
2041992.188 2890000 -1410.954999
2047851.562 2890000 -1472.747172
2053710.938 2890000 -1542.599104
2059570.312 2890000 -1620.802846
2065429.688 2890000 -1707.596723
2071289.062 2890000 -1803.156505
2077148.438 2890000 -1907.586172
2083007.812 2890000 -2020.915928
2088867.188 2890000 -2143.093375
2094726.562 2890000 -2273.977537
2100585.938 2890000 -2413.334127
2106445.312 2890000 -2560.832564
2112304.688 2890000 -2716.040187
2118164.062 2890000 -2878.416368
2124023.438 2890000 -3047.315405
2129882.812 2890000 -3221.977072
2135742.188 2890000 -3401.525472
2141601.562 2890000 -3584.971225
2147460.938 2890000 -3771.202557
2153320.312 2890000 -3958.985571
2159179.688 2890000 -4146.967603
2165039.062 2890000 -4333.669645
2170898.438 2890000 -4517.490386
2176757.812 2890000 -4696.712764
2182617.188 2890000 -4869.501867
2188476.562 2890000 -5033.919203
2194335.938 2890000 -5187.93086
2200195.312 2890000 -5329.418778
2206054.688 2890000 -5456.203784
2211914.062 2890000 -5566.063153
2217773.438 2890000 -5656.748978
2223632.812 2890000 -5726.011575
2229492.188 2890000 -5771.626275
2235351.562 2890000 -5791.409357
2241210.938 2890000 -5783.238002
2247070.312 2890000 -5745.072947
2408203.125 2890000 4795.0191
2419921.875 2890000 2437.70081
2431640.625 2890000 -333.5264391
2252929.688 2890000 -5674.967241
2258789.062 2890000 -5571.084589
2264648.438 2890000 -5431.712704
2270507.812 2890000 -5255.269668
2276367.188 2890000 -5040.319512
2282226.562 2890000 -4785.582593
2288085.938 2890000 -4489.951151
2293945.312 2890000 -4152.50624
2299804.688 2890000 -3772.545742
2305664.062 2890000 -3349.628058
2311523.438 2890000 -2883.626379
2317382.812 2890000 -2374.777029
2323242.188 2890000 -1823.74725
2329101.562 2890000 -1231.720426
2334960.938 2890000 -600.466632
2340820.312 2890000 67.62177642
2346679.688 2890000 769.4630338
2352539.062 2890000 1501.286035
2358398.438 2890000 2258.515852
2364257.812 2890000 3035.973412
2370117.188 2890000 3830.230686
2375976.562 2890000 4671.319594
2381835.938 2890000 5685.719138
2387695.312 2890000 6535.698599
2393554.688 2890000 6617.2837
2399414.062 2890000 6109.415185
2440429.688 2890000 -2637.973451
2446289.062 2890000 -4414.145611
2452148.438 2890000 -6435.251263
2458007.812 2890000 -8466.370826
2463867.188 2890000 -10476.46129
2469726.562 2890000 -12715.01181
2475585.938 2890000 -15085.73211
2481445.312 2890000 -17342.9248
2487304.688 2890000 -19361.42537
2493164.062 2890000 -21126.22752
2499023.438 2890000 -22984.86822
2504882.812 2890000 -24412.17868
2510742.188 2890000 -23882.13067
2516601.562 2890000 -22745.20251
2522460.938 2890000 -21303.77593
2528320.312 2890000 -19549.07795
2534179.688 2890000 -17589.73949
2540039.062 2890000 -15484.64859
2545898.438 2890000 -13293.90217
2551757.812 2890000 -11067.91685
2557617.188 2890000 -8851.174016
2563476.562 2890000 -6681.705728
2569335.938 2890000 -4591.706496
2575195.312 2890000 -2607.856045
2581054.688 2890000 -751.71191
2586914.062 2890000 959.9008289
2592773.438 2890000 2514.525112
2598632.812 2890000 3903.721736
2604492.188 2890000 5122.705321
2610351.562 2890000 6170.001447
2616210.938 2890000 7047.060809
2622070.312 2890000 7757.897512
2627929.688 2890000 8308.709613
2633789.062 2890000 8707.493883
2639648.438 2890000 8963.701716
2645507.812 2890000 9087.889204
2651367.188 2890000 9091.4212
2657226.562 2890000 8986.186274
2663085.938 2890000 8784.354469
2668945.312 2890000 8498.159123
2674804.688 2890000 8139.711206
2680664.062 2890000 7720.83559
2686523.438 2890000 7252.937016
2692382.812 2890000 6746.881531
2698242.188 2890000 6212.904049
2704101.562 2890000 5660.53484
2709960.938 2890000 5098.545119
2715820.312 2890000 4534.913194
2721679.688 2890000 3976.801034
2727539.062 2890000 3430.552308
2733398.438 2890000 2901.699823
2739257.812 2890000 2394.981475
2745117.188 2890000 1914.369601
2750976.562 2890000 1463.100852
2756835.938 2890000 1043.71784
2762695.312 2890000 658.1086753
2768554.688 2890000 307.5483818
2774414.062 2890000 -7.248967204
2780273.438 2890000 -286.0917939
2786132.812 2890000 -529.2546429
2791992.188 2890000 -737.4355471
2797851.562 2890000 -911.7022588
2803710.938 2890000 -1053.447965
2809570.312 2890000 -1164.338599
2815429.688 2890000 -1246.264905
2821289.062 2890000 -1301.303258
2827148.438 2890000 -1331.659284
2833007.812 2890000 -1339.637691
2838867.188 2890000 -1327.593764
2844726.562 2890000 -1297.902329
2850585.938 2890000 -1252.919242
2856445.312 2890000 -1194.954708
2862304.688 2890000 -1126.243958
2868164.062 2890000 -1048.926629
2874023.438 2890000 -965.0240861
2879882.812 2890000 -876.4255998
2885742.188 2890000 -784.8748032
2891601.562 2890000 -691.9593321
2897460.938 2890000 -599.1075268
2903320.312 2890000 -507.5841851
2909179.688 2890000 -418.490076
2915039.062 2890000 -332.7648033
2920898.438 2890000 -251.1917273
2926757.812 2890000 -174.40262
2932617.188 2890000 -102.8867525
2938476.562 2890000 -36.99925393
2944335.938 2890000 23.028408
2950195.312 2890000 77.07687414
2956054.688 2890000 125.1284046
2961914.062 2890000 167.2553991
2967773.438 2890000 203.608778
2973632.812 2890000 234.40616
2979492.188 2890000 259.9216646
2985351.562 2890000 280.4751819
2991210.938 2890000 296.4221719
2997070.312 2890000 308.1448716
3002929.688 2890000 316.0424487
3008789.062 2890000 320.5254342
3014648.438 2890000 322.0053995
3020507.812 2890000 320.889695
3026367.188 2890000 317.5772464
3032226.562 2890000 312.4520648
3038085.938 2890000 305.8795434
3043945.312 2890000 298.2028493
3049804.688 2890000 289.7412786
3055664.062 2890000 280.7872571
3061523.438 2890000 271.6050849
3067382.812 2890000 262.4295612
3073242.188 2890000 253.466575
3079101.562 2890000 244.8920004
3084960.938 2890000 236.8537266
3090820.312 2890000 229.4730612
3096679.688 2890000 222.8458975
3102539.062 2890000 217.0435083
3108398.438 2890000 212.1157592
3114257.812 2890000 208.0949796
3120117.188 2890000 204.9953652
3125976.562 2890000 202.8166186
3131835.938 2890000 201.5450046
3137695.312 2890000 201.1552166
3143554.688 2890000 201.6123808
3149414.062 2890000 202.8741899
3155273.438 2890000 204.8925799
3161132.812 2890000 207.6146563
3166992.188 2890000 210.9845648
3172851.562 2890000 214.9457755
3178710.938 2890000 219.4408221
3184570.312 2890000 224.4133249
3190429.688 2890000 229.8080179
3196289.062 2890000 235.5715411
3202148.438 2890000 241.653976
3208007.812 2890000 248.0078515
3213867.188 2890000 254.5902815
3219726.562 2890000 261.361202
3225585.938 2890000 268.2844675
3231445.312 2890000 275.3278112
3237304.688 2890000 282.4626078
3243164.062 2890000 289.6649833
3249023.438 2890000 296.9128677
3254882.812 2890000 304.187948
3260742.188 2890000 311.4746659
3266601.562 2890000 318.7595416
3272460.938 2890000 326.0316978
3278320.312 2890000 333.28137
3284179.688 2890000 340.4994979
3290039.062 2890000 347.6775116
3295898.438 2890000 354.8076865
3301757.812 2890000 361.8819978
3307617.188 2890000 368.8921256
3313476.562 2890000 375.8310227
3319335.938 2890000 382.6906558
3325195.312 2890000 389.4632708
3331054.688 2890000 396.1412222
3336914.062 2890000 402.7160383
3342773.438 2890000 409.1812246
3348632.812 2890000 415.5306193
3354492.188 2890000 421.7599229
3360351.562 2890000 427.8660567
3366210.938 2890000 433.8469558
3372070.312 2890000 439.7024668
3377929.688 2890000 445.4313037
3383789.062 2890000 451.0340491
3389648.438 2890000 456.510692
3395507.812 2890000 461.8607607
3401367.188 2890000 467.0845807
3407226.562 2890000 472.182191
3413085.938 2890000 477.1531318
3418945.312 2890000 481.9962706
3424804.688 2890000 486.7115903
3430664.062 2890000 491.2982788
3436523.438 2890000 495.7566256
3442382.812 2890000 500.0886376
3448242.188 2890000 504.2978311
3454101.562 2890000 508.3903627
3459960.938 2890000 512.3747467
3465820.312 2890000 516.262608
3471679.688 2890000 520.0687003
3477539.062 2890000 523.8114264
3483398.438 2890000 527.5110095
3489257.812 2890000 531.1904313
3495117.188 2890000 534.8747615
3500976.562 2890000 538.5889968
3506835.938 2890000 542.3589693
3512695.312 2890000 546.2097477
3518554.688 2890000 550.1677189
3524414.062 2890000 554.2557003
3530273.438 2890000 558.4969004
3536132.812 2890000 562.9124282
3541992.188 2890000 567.5212344
3547851.562 2890000 572.3396307
3553710.938 2890000 577.3818443
3559570.312 2890000 582.6571654
3565429.688 2890000 588.17107
3571289.062 2890000 593.9260955
3577148.438 2890000 599.9202953
3583007.812 2890000 606.1471753
3588867.188 2890000 612.5961506
3594726.562 2890000 619.253145
3600585.938 2890000 626.1001964
3606445.312 2890000 633.1146537
3612304.688 2890000 640.2707195
3618164.062 2890000 647.538189
3624023.438 2890000 654.8826487
3629882.812 2890000 662.2677025
3635742.188 2890000 669.6543478
3641601.562 2890000 677.0031125
3647460.938 2890000 684.2764178
3653320.312 2890000 691.4395483
3659179.688 2890000 698.4635154
3665039.062 2890000 705.3250838
3670898.438 2890000 712.0067814
3676757.812 2890000 718.4950064
3682617.188 2890000 724.7792576
3688476.562 2890000 730.8519512
3694335.938 2890000 736.7076352
3700195.312 2890000 742.3423086
3706054.688 2890000 747.754429
3711914.062 2890000 752.9444947
3717773.438 2890000 757.9153011
3723632.812 2890000 762.6717146
3729492.188 2890000 767.2217822
3735351.562 2890000 771.57653
3741210.938 2890000 775.7511804
3747070.312 2890000 779.7642674
4435546.875 2890000 1503.192856
4447265.625 2890000 1604.426729
4458984.375 2890000 1921.73133
4470703.125 2890000 2333.607769
4482421.875 2890000 2524.140829
4494140.625 2890000 2309.129746
3752929.688 2890000 783.6400622
3758789.062 2890000 787.4071531
3764648.438 2890000 791.1013873
3770507.812 2890000 794.7634809
3776367.188 2890000 798.4376954
3782226.562 2890000 802.1716517
3788085.938 2890000 806.0131705
3793945.312 2890000 810.0091061
3799804.688 2890000 814.2045313
3805664.062 2890000 818.6425946
3811523.438 2890000 823.3616212
3817382.812 2890000 828.3953506
3823242.188 2890000 833.7732547
3829101.562 2890000 839.5175872
3834960.938 2890000 845.6446774
3840820.312 2890000 852.1622571
3846679.688 2890000 859.0686737
3852539.062 2890000 866.3528542
3858398.438 2890000 873.9942221
3864257.812 2890000 881.9614334
3870117.188 2890000 890.212399
3875976.562 2890000 898.6945771
3881835.938 2890000 907.3456067
3887695.312 2890000 916.0941563
3893554.688 2890000 924.8597847
3899414.062 2890000 933.557706
3905273.438 2890000 942.1009944
3911132.812 2890000 950.4055381
3916992.188 2890000 958.4005482
3922851.562 2890000 966.0324025
3928710.938 2890000 973.2645095
3934570.312 2890000 980.0754618
3940429.688 2890000 986.4533118
3946289.062 2890000 992.3941291
3952148.438 2890000 997.900324
3958007.812 2890000 1002.981555
3963867.188 2890000 1007.653927
3969726.562 2890000 1011.940014
3975585.938 2890000 1015.869217
3981445.312 2890000 1019.478058
3987304.688 2890000 1022.811877
3993164.062 2890000 1025.923781
3999023.438 2890000 1028.879909
4004882.812 2890000 1031.759228
4010742.188 2890000 1034.654862
4016601.562 2890000 1037.673141
4022460.938 2890000 1040.926654
4028320.312 2890000 1044.530474
4034179.688 2890000 1048.596766
4040039.062 2890000 1053.231196
4045898.438 2890000 1058.528699
4051757.812 2890000 1064.571975
4057617.188 2890000 1071.426909
4063476.562 2890000 1079.139994
4069335.938 2890000 1087.737749
4075195.312 2890000 1097.222819
4081054.688 2890000 1107.573053
4086914.062 2890000 1118.739279
4092773.438 2890000 1130.644055
4098632.812 2890000 1143.178932
4104492.188 2890000 1156.20162
4110351.562 2890000 1169.537355
4116210.938 2890000 1182.976165
4122070.312 2890000 1196.278539
4127929.688 2890000 1209.201063
4133789.062 2890000 1221.539007
4139648.438 2890000 1233.151207
4145507.812 2890000 1243.940731
4151367.188 2890000 1253.828343
4157226.562 2890000 1262.743188
4163085.938 2890000 1270.626194
4168945.312 2890000 1277.430827
4174804.688 2890000 1283.127468
4180664.062 2890000 1287.708252
4186523.438 2890000 1291.191198
4192382.812 2890000 1293.630419
4198242.188 2890000 1295.132721
4204101.562 2890000 1295.883717
4209960.938 2890000 1296.150381
4215820.312 2890000 1296.255042
4221679.688 2890000 1296.546854
4227539.062 2890000 1297.381027
4233398.438 2890000 1299.100683
4239257.812 2890000 1302.016711
4245117.188 2890000 1306.389935
4250976.562 2890000 1312.420565
4256835.938 2890000 1320.245112
4262695.312 2890000 1329.946677
4268554.688 2890000 1341.570159
4274414.062 2890000 1355.133657
4280273.438 2890000 1370.627619
4286132.812 2890000 1387.957502
4291992.188 2890000 1406.848487
4297851.562 2890000 1427.02182
4303710.938 2890000 1448.548021
4309570.312 2890000 1471.775255
4315429.688 2890000 1497.124628
4321289.062 2890000 1525.125778
4327148.438 2890000 1556.461084
4333007.812 2890000 1591.958411
4338867.188 2890000 1632.531217
4344726.562 2890000 1679.093003
4350585.938 2890000 1732.725428
4356445.312 2890000 1794.692919
4362304.688 2890000 1865.808791
4368164.062 2890000 1945.914617
4374023.438 2890000 2034.118409
4379882.812 2890000 2129.594964
4385742.188 2890000 2230.77403
4391601.562 2890000 2331.511988
4397460.938 2890000 2419.252579
4403320.312 2890000 2484.676287
4409179.688 2890000 2516.859006
4415039.062 2890000 2515.930835
4420898.438 2890000 2360.030694
4426757.812 2890000 2069.287916
