# x y bottom topography
46875 0 12.01942133
140625 0 11.56018085
234375 0 10.64566709
328125 0 9.284276907
421875 0 7.489561715
515625 0 5.281294568
609375 0 2.686571441
703125 0 -0.2589694067
796875 0 -3.510320631
890625 0 -7.012703803
984375 0 -10.70173768
1078125 0 -14.5044597
1171875 0 -18.34112884
1265625 0 -22.12786137
1359375 0 -25.77992019
1453125 0 -29.21541069
1546875 0 -32.35910185
1640625 0 -35.14591827
1734375 0 -37.52384577
1828125 0 -39.45595467
1921875 0 -40.92130523
2015625 0 -41.91485256
2109375 0 -42.44632296
2203125 0 -42.53826723
2296875 0 -42.2236802
2390625 0 -41.54329209
2484375 0 -40.54285933
2578125 0 -39.27074419
2671875 0 -37.77571973
2765625 0 -36.10530134
2859375 0 -34.30452398
2953125 0 -32.41504762
3046875 0 -30.47477734
3140625 0 -28.51770966
3234375 0 -26.57402166
3328125 0 -24.67039382
3421875 0 -22.83032052
3515625 0 -21.07449819
3609375 0 -19.42121938
3703125 0 -17.88672758
3796875 0 -16.48546638
3890625 0 -15.23025915
3984375 0 -14.13244718
4078125 0 -13.20191455
4171875 0 -12.44706541
4265625 0 -11.87475733
4359375 0 -11.49025324
4453125 0 -11.29710018
