# x y bottom topography
46875 0 -6.504255932
140625 0 -6.796899661
234375 0 -7.379365218
328125 0 -8.245860434
421875 0 -9.387182297
515625 0 -10.79023306
609375 0 -12.43738581
703125 0 -14.30599245
796875 0 -16.36797159
890625 0 -18.58959969
984375 0 -20.93174674
1078125 0 -23.35043044
1171875 0 -25.79778932
1265625 0 -28.22360876
1359375 0 -30.57705467
1453125 0 -32.8086594
1546875 0 -34.87241348
1640625 0 -36.7276731
1734375 0 -38.34073048
1828125 0 -39.68602919
1921875 0 -40.74682944
2015625 0 -41.51525023
2109375 0 -41.99194629
2203125 0 -42.18529922
2296875 0 -42.11029667
2390625 0 -41.78730038
2484375 0 -41.24068461
2578125 0 -40.49755812
2671875 0 -39.58656885
2765625 0 -38.53687506
2859375 0 -37.37735088
2953125 0 -36.13589305
3046875 0 -34.83894073
3140625 0 -33.51128254
3234375 0 -32.17581063
3328125 0 -30.8534335
3421875 0 -29.56317936
3515625 0 -28.32223562
3609375 0 -27.14608138
3703125 0 -26.04855882
3796875 0 -25.04198198
3890625 0 -24.13726564
3984375 0 -23.34394192
4078125 0 -22.67018589
4171875 0 -22.12285863
4265625 0 -21.70749377
4359375 0 -21.42825357
4453125 0 -21.2879315
