# x y surface topography
2929.6875 2890000 1999.940348
8789.0625 2890000 1969.884432
14648.4375 2890000 1939.570228
20507.8125 2890000 1914.415402
26367.1875 2890000 1892.298283
32226.5625 2890000 1872.382177
38085.9375 2890000 1854.27185
43945.3125 2890000 1837.778422
49804.6875 2890000 1822.188072
55664.0625 2890000 1806.934203
61523.4375 2890000 1792.142742
67382.8125 2890000 1778.051397
73242.1875 2890000 1764.955204
79101.5625 2890000 1752.700101
84960.9375 2890000 1740.683932
90820.3125 2890000 1729.064749
96679.6875 2890000 1718.679357
102539.0625 2890000 1709.68874
108398.4375 2890000 1700.786873
114257.8125 2890000 1690.44935
120117.1875 2890000 1678.797215
125976.5625 2890000 1666.522762
131835.9375 2890000 1653.952856
137695.3125 2890000 1641.386119
143554.6875 2890000 1629.021653
149414.0625 2890000 1616.843828
155273.4375 2890000 1604.780857
161132.8125 2890000 1592.906378
166992.1875 2890000 1581.459167
172851.5625 2890000 1570.63073
178710.9375 2890000 1560.385341
184570.3125 2890000 1550.510309
190429.6875 2890000 1540.783554
196289.0625 2890000 1531.101898
202148.4375 2890000 1521.511724
208007.8125 2890000 1512.128591
213867.1875 2890000 1503.031188
219726.5625 2890000 1494.228927
225585.9375 2890000 1485.689493
231445.3125 2890000 1477.364512
237304.6875 2890000 1469.203082
243164.0625 2890000 1461.158599
249023.4375 2890000 1453.19252
254882.8125 2890000 1445.276425
260742.1875 2890000 1437.389596
266601.5625 2890000 1429.510534
272460.9375 2890000 1421.615053
278320.3125 2890000 1413.685571
284179.6875 2890000 1405.716713
290039.0625 2890000 1397.715059
295898.4375 2890000 1389.698398
301757.8125 2890000 1381.692957
307617.1875 2890000 1373.729598
313476.5625 2890000 1365.838558
319335.9375 2890000 1358.044805
325195.3125 2890000 1350.366055
331054.6875 2890000 1342.811352
336914.0625 2890000 1335.383626
342773.4375 2890000 1328.083488
348632.8125 2890000 1320.907003
354492.1875 2890000 1313.838326
360351.5625 2890000 1306.857471
366210.9375 2890000 1299.948202
372070.3125 2890000 1293.09582
377929.6875 2890000 1286.28588
383789.0625 2890000 1279.502849
389648.4375 2890000 1272.728415
395507.8125 2890000 1265.941424
401367.1875 2890000 1259.119677
407226.5625 2890000 1252.238754
413085.9375 2890000 1245.274308
418945.3125 2890000 1238.205151
424804.6875 2890000 1231.014186
430664.0625 2890000 1223.688905
436523.4375 2890000 1216.224577
442382.8125 2890000 1208.623673
448242.1875 2890000 1200.894225
454101.5625 2890000 1193.049986
459960.9375 2890000 1185.109813
465820.3125 2890000 1177.094962
471679.6875 2890000 1169.028019
477539.0625 2890000 1160.933633
483398.4375 2890000 1152.836321
489257.8125 2890000 1144.757859
495117.1875 2890000 1136.719591
500976.5625 2890000 1128.740864
506835.9375 2890000 1120.835922
512695.3125 2890000 1113.015643
518554.6875 2890000 1105.287417
524414.0625 2890000 1097.653692
530273.4375 2890000 1090.115279
536132.8125 2890000 1082.67223
541992.1875 2890000 1075.321855
547851.5625 2890000 1068.060766
553710.9375 2890000 1060.885184
559570.3125 2890000 1053.790223
565429.6875 2890000 1046.770643
571289.0625 2890000 1039.820771
577148.4375 2890000 1032.935766
583007.8125 2890000 1026.110205
588867.1875 2890000 1019.338995
594726.5625 2890000 1012.618692
600585.9375 2890000 1005.94502
606445.3125 2890000 999.3131808
612304.6875 2890000 992.7207803
618164.0625 2890000 986.1630012
624023.4375 2890000 979.632395
629882.8125 2890000 973.121073
635742.1875 2890000 966.6156918
641601.5625 2890000 960.1012636
647460.9375 2890000 953.5652173
653320.3125 2890000 946.9948886
659179.6875 2890000 940.3783441
665039.0625 2890000 933.706396
670898.4375 2890000 926.971165
676757.8125 2890000 920.1661015
682617.1875 2890000 913.2871779
688476.5625 2890000 906.3318489
694335.9375 2890000 899.2998251
700195.3125 2890000 892.1919562
706054.6875 2890000 885.0109053
711914.0625 2890000 877.7607097
717773.4375 2890000 870.4455588
723632.8125 2890000 863.071594
729492.1875 2890000 855.6451972
735351.5625 2890000 848.1717842
741210.9375 2890000 840.658043
747070.3125 2890000 833.1111454
752929.6875 2890000 825.5355878
758789.0625 2890000 817.9372183
764648.4375 2890000 810.3222701
770507.8125 2890000 802.6941563
776367.1875 2890000 795.0576127
782226.5625 2890000 787.4170719
788085.9375 2890000 779.7750109
793945.3125 2890000 772.1343747
799804.6875 2890000 764.4983957
805664.0625 2890000 756.8681453
811523.4375 2890000 749.2448735
817382.8125 2890000 741.6299973
823242.1875 2890000 734.0229762
829101.5625 2890000 726.4232886
834960.9375 2890000 718.8293473
840820.3125 2890000 711.2385454
846679.6875 2890000 703.6477703
852539.0625 2890000 696.052361
858398.4375 2890000 688.4485404
864257.8125 2890000 680.8324152
870117.1875 2890000 673.1992145
875976.5625 2890000 665.5456366
881835.9375 2890000 657.8690039
887695.3125 2890000 650.1662564
893554.6875 2890000 642.4355743
899414.0625 2890000 634.6761632
905273.4375 2890000 626.88721
911132.8125 2890000 619.0697715
916992.1875 2890000 611.2254888
922851.5625 2890000 603.3560834
928710.9375 2890000 595.4649403
934570.3125 2890000 587.5559979
940429.6875 2890000 579.6335684
946289.0625 2890000 571.7028582
952148.4375 2890000 563.7689656
958007.8125 2890000 555.8367459
963867.1875 2890000 547.9119652
969726.5625 2890000 539.9988689
975585.9375 2890000 532.1011417
981445.3125 2890000 524.221525
987304.6875 2890000 516.3599003
993164.0625 2890000 508.5148889
999023.4375 2890000 500.683794
1004882.812 2890000 492.8633623
1010742.188 2890000 485.0490808
1016601.562 2890000 477.2375985
1022460.938 2890000 469.4250384
1028320.312 2890000 461.6076037
1034179.688 2890000 453.7826854
1040039.062 2890000 445.9477729
1045898.438 2890000 438.100799
1051757.812 2890000 430.2402889
1057617.188 2890000 422.3652222
1063476.562 2890000 414.4746099
1069335.938 2890000 406.5681834
1075195.312 2890000 398.6462307
1081054.688 2890000 390.7083975
1086914.062 2890000 382.7548261
1092773.438 2890000 374.7859952
1098632.812 2890000 366.80173
1104492.188 2890000 358.8017372
1110351.562 2890000 350.7864819
1116210.938 2890000 342.7557812
1122070.312 2890000 334.7089665
1127929.688 2890000 326.6458444
1133789.062 2890000 318.5653305
1139648.438 2890000 310.4663573
1145507.812 2890000 302.3478203
1151367.188 2890000 294.2087285
1157226.562 2890000 286.0473528
1163085.938 2890000 277.8623713
1168945.312 2890000 269.6524354
1174804.688 2890000 261.4154134
1180664.062 2890000 253.1499893
1186523.438 2890000 244.8547497
1192382.812 2890000 236.5280805
1198242.188 2890000 228.1687934
1204101.562 2890000 219.7758131
1209960.938 2890000 211.3480662
1215820.312 2890000 202.8842392
1221679.688 2890000 194.384057
1227539.062 2890000 185.8466122
1233398.438 2890000 177.2708163
1239257.812 2890000 168.6559315
1245117.188 2890000 160.0005668
1250976.562 2890000 151.3028284
1256835.938 2890000 142.5607969
1262695.312 2890000 133.7727528
1268554.688 2890000 124.936756
1274414.062 2890000 116.0516115
1280273.438 2890000 107.1164331
1286132.812 2890000 98.13016603
1291992.188 2890000 89.09273708
1297851.562 2890000 80.00495251
1303710.938 2890000 70.86770907
1309570.312 2890000 61.68291451
1315429.688 2890000 52.45370654
1321289.062 2890000 43.18314987
1327148.438 2890000 33.87520325
1333007.812 2890000 24.53511815
1338867.188 2890000 15.16842359
1344726.562 2890000 5.781829481
1350585.938 2890000 -3.617232345
1356445.312 2890000 -13.02101669
1362304.688 2890000 -22.42164178
1368164.062 2890000 -31.8099112
1374023.438 2890000 -41.1764939
1379882.812 2890000 -50.51208935
1385742.188 2890000 -59.80654801
1391601.562 2890000 -69.05042639
1397460.938 2890000 -78.23456712
1403320.312 2890000 -87.34959852
1409179.688 2890000 -96.38726469
1415039.062 2890000 -105.3406678
1420898.438 2890000 -114.2038867
1426757.812 2890000 -122.9723642
1432617.188 2890000 -131.6434293
1438476.562 2890000 -140.2154102
1444335.938 2890000 -148.6872079
1450195.312 2890000 -157.0584811
1456054.688 2890000 -165.3296615
1461914.062 2890000 -173.5012999
1467773.438 2890000 -181.574351
1473632.812 2890000 -189.5508125
1479492.188 2890000 -197.4325132
1485351.562 2890000 -205.2215469
1491210.938 2890000 -212.9212612
1497070.312 2890000 -220.5351729
1502929.688 2890000 -228.067541
1508789.062 2890000 -235.5234335
1514648.438 2890000 -242.9087897
1520507.812 2890000 -250.2303318
1526367.188 2890000 -257.4958985
1532226.562 2890000 -264.7146225
1538085.938 2890000 -271.8969704
1543945.312 2890000 -279.0546179
1549804.688 2890000 -286.2004086
1555664.062 2890000 -293.348699
1561523.438 2890000 -300.5145513
1567382.812 2890000 -307.7148544
1573242.188 2890000 -314.9679525
1579101.562 2890000 -322.2925304
1584960.938 2890000 -329.7088632
1590820.312 2890000 -337.2379481
1596679.688 2890000 -344.9011844
1602539.062 2890000 -352.7211886
1608398.438 2890000 -360.7208379
1614257.812 2890000 -368.9226537
1620117.188 2890000 -377.3495596
1625976.562 2890000 -386.0242128
1631835.938 2890000 -394.9682093
1637695.312 2890000 -404.2025046
1643554.688 2890000 -413.7473004
1649414.062 2890000 -423.6209416
1655273.438 2890000 -433.8398681
1661132.812 2890000 -444.4190546
1666992.188 2890000 -455.3705589
1672851.562 2890000 -466.7040935
1678710.938 2890000 -478.4264668
1684570.312 2890000 -490.5407717
1690429.688 2890000 -503.0470378
1696289.062 2890000 -515.9415373
1702148.438 2890000 -529.2166723
1708007.812 2890000 -542.8603999
1713867.188 2890000 -556.8563391
1719726.562 2890000 -571.1839497
1725585.938 2890000 -585.817923
1731445.312 2890000 -600.7287743
1737304.688 2890000 -615.8824274
1743164.062 2890000 -631.239586
1749023.438 2890000 -646.756061
1754882.812 2890000 -662.3830676
1760742.188 2890000 -678.0669367
1766601.562 2890000 -693.749067
1772460.938 2890000 -709.366501
1778320.312 2890000 -724.8516113
1784179.688 2890000 -740.1323606
1790039.062 2890000 -755.1337103
1795898.438 2890000 -769.7767566
1801757.812 2890000 -783.9800772
1807617.188 2890000 -797.660697
1813476.562 2890000 -810.7336178
1819335.938 2890000 -823.1131017
1825195.312 2890000 -834.7142936
1831054.688 2890000 -845.4526748
1836914.062 2890000 -855.2464191
1842773.438 2890000 -864.0171364
1848632.812 2890000 -871.6902964
1854492.188 2890000 -878.1981288
1860351.562 2890000 -883.4792172
1866210.938 2890000 -887.4800891
1872070.312 2890000 -890.1579287
4353515.625 2890000 1415.921864
4365234.375 2890000 1451.888784
4376953.125 2890000 1479.231835
4388671.875 2890000 1479.212887
4400390.625 2890000 1426.417937
4412109.375 2890000 1362.177879
4423828.125 2890000 1403.173513
1877929.688 2890000 -891.481066
1883789.062 2890000 -891.4309906
1889648.438 2890000 -890.0039733
1895507.812 2890000 -887.212077
1901367.188 2890000 -883.0850927
1907226.562 2890000 -877.6726908
1913085.938 2890000 -871.0460385
1918945.312 2890000 -863.2997815
1924804.688 2890000 -854.5529337
1930664.062 2890000 -844.9504059
1936523.438 2890000 -834.6654787
1942382.812 2890000 -823.9012223
1948242.188 2890000 -812.891379
1954101.562 2890000 -801.9011856
1959960.938 2890000 -791.2284282
1965820.312 2890000 -781.2034685
1971679.688 2890000 -772.190628
1977539.062 2890000 -764.5881345
1983398.438 2890000 -758.8271116
1989257.812 2890000 -755.370473
1995117.188 2890000 -754.7128464
2000976.562 2890000 -757.3773854
2006835.938 2890000 -763.9141471
2012695.312 2890000 -774.8965189
2018554.688 2890000 -790.9153282
2024414.062 2890000 -812.5757664
2030273.438 2890000 -840.4902172
2036132.812 2890000 -875.2715567
2041992.188 2890000 -917.5248055
2047851.562 2890000 -967.8369401
2053710.938 2890000 -1026.767677
2059570.312 2890000 -1094.838442
2065429.688 2890000 -1172.521135
2071289.062 2890000 -1260.224271
2077148.438 2890000 -1358.283243
2083007.812 2890000 -1466.947015
2088867.188 2890000 -1586.365806
2094726.562 2890000 -1716.584915
2100585.938 2890000 -1857.530756
2106445.312 2890000 -2009.007044
2112304.688 2890000 -2170.696199
2118164.062 2890000 -2342.149548
2124023.438 2890000 -2522.792049
2129882.812 2890000 -2711.93069
2135742.188 2890000 -2908.753231
2141601.562 2890000 -3112.340875
2147460.938 2890000 -3321.675066
2153320.312 2890000 -3535.642343
2159179.688 2890000 -3753.039389
2165039.062 2890000 -3972.577986
2170898.438 2890000 -4192.875542
2176757.812 2890000 -4412.453631
2182617.188 2890000 -4629.723482
2188476.562 2890000 -4842.970699
2194335.938 2890000 -5050.344111
2200195.312 2890000 -5249.843723
2206054.688 2890000 -5439.316366
2211914.062 2890000 -5616.458815
2217773.438 2890000 -5778.82707
2223632.812 2890000 -5923.873283
2229492.188 2890000 -6048.982351
2235351.562 2890000 -6151.507174
2241210.938 2890000 -6228.819817
2247070.312 2890000 -6278.363469
2252929.688 2890000 -6297.669558
2258789.062 2890000 -6284.38524
2264648.438 2890000 -6236.284366
2270507.812 2890000 -6151.268491
2276367.188 2890000 -6027.35655
2282226.562 2890000 -5862.689311
2288085.938 2890000 -5655.547192
2293945.312 2890000 -5404.361703
2299804.688 2890000 -5107.754815
2305664.062 2890000 -4764.578478
2311523.438 2890000 -4373.960745
2317382.812 2890000 -3935.346936
2323242.188 2890000 -3448.554922
2329101.562 2890000 -2913.865285
2334960.938 2890000 -2332.143848
2340820.312 2890000 -1704.911423
2346679.688 2890000 -1034.44636
2352539.062 2890000 -323.77999
2358398.438 2890000 423.1975333
2364257.812 2890000 1202.01095
2370117.188 2890000 2009.730412
2375976.562 2890000 2874.224383
2381835.938 2890000 3914.542077
2387695.312 2890000 4822.965718
2393554.688 2890000 5030.804579
2399414.062 2890000 4635.837822
2405273.438 2890000 3911.752514
2411132.812 2890000 3067.284481
2416992.188 2890000 2122.280355
2422851.562 2890000 1039.706641
2428710.938 2890000 -135.3859399
2434570.312 2890000 -1371.907229
2440429.688 2890000 -2652.747898
2446289.062 2890000 -4115.175968
2452148.438 2890000 -5743.684091
2458007.812 2890000 -7387.588202
2463867.188 2890000 -9011.706484
2469726.562 2890000 -10809.46535
2475585.938 2890000 -12697.28074
2481445.312 2890000 -14477.76327
2487304.688 2890000 -16048.41564
2493164.062 2890000 -17395.06641
2499023.438 2890000 -18801.88718
2504882.812 2890000 -19821.71374
2510742.188 2890000 -19271.7721
2516601.562 2890000 -18249.48673
2522460.938 2890000 -16982.1121
2528320.312 2890000 -15469.82614
2534179.688 2890000 -13801.62624
2540039.062 2890000 -12026.22974
2545898.438 2890000 -10192.79405
2551757.812 2890000 -8342.460512
2557617.188 2890000 -6511.320794
2563476.562 2890000 -4730.031851
2569335.938 2890000 -3024.321041
2575195.312 2890000 -1415.229926
2581054.688 2890000 80.54731631
2586914.062 2890000 1450.358307
2592773.438 2890000 2685.258059
2598632.812 2890000 3779.655089
2604492.188 2890000 4730.97087
2610351.562 2890000 5539.265861
2616210.938 2890000 6206.888845
2622070.312 2890000 6738.128807
2627929.688 2890000 7138.888981
2633789.062 2890000 7416.37113
2639648.438 2890000 7578.808182
2645507.812 2890000 7635.20273
2651367.188 2890000 7595.090352
2657226.562 2890000 7468.345186
2663085.938 2890000 7264.996924
2668945.312 2890000 6995.064115
2674804.688 2890000 6668.411476
2680664.062 2890000 6294.64429
2686523.438 2890000 5882.988127
2692382.812 2890000 5442.224239
2698242.188 2890000 4980.609478
2704101.562 2890000 4505.835802
2709960.938 2890000 4024.992526
2715820.312 2890000 3544.538807
2721679.688 2890000 3070.303378
2727539.062 2890000 2607.461479
2733398.438 2890000 2160.55275
2739257.812 2890000 1733.482394
2745117.188 2890000 1329.533259
2750976.562 2890000 951.3944755
2756835.938 2890000 601.1764639
2762695.312 2890000 280.438257
2768554.688 2890000 -9.783386036
2774414.062 2890000 -268.9430012
2780273.438 2890000 -496.950541
2786132.812 2890000 -694.1268979
2791992.188 2890000 -861.164455
2797851.562 2890000 -999.0853842
2803710.938 2890000 -1109.193579
2809570.312 2890000 -1193.035094
2815429.688 2890000 -1252.351119
2821289.062 2890000 -1289.035373
2827148.438 2890000 -1305.091563
2833007.812 2890000 -1302.591832
2838867.188 2890000 -1283.642267
2844726.562 2890000 -1250.348115
2850585.938 2890000 -1204.783692
2856445.312 2890000 -1148.96618
2862304.688 2890000 -1084.83188
2868164.062 2890000 -1014.217925
2874023.438 2890000 -938.845055
2879882.812 2890000 -860.3049654
2885742.188 2890000 -780.0519783
2891601.562 2890000 -699.3967395
2897460.938 2890000 -619.5029453
2903320.312 2890000 -541.38732
2909179.688 2890000 -465.9230432
2915039.062 2890000 -393.8418918
2920898.438 2890000 -325.7395414
2926757.812 2890000 -262.0840988
2932617.188 2890000 -203.2217312
2938476.562 2890000 -149.3867234
2944335.938 2890000 -100.7118574
2950195.312 2890000 -57.24041075
2956054.688 2890000 -18.93449937
2961914.062 2890000 14.31700392
2967773.438 2890000 42.68589344
2973632.812 2890000 66.39344346
2979492.188 2890000 85.70184014
2985351.562 2890000 100.9081227
2991210.938 2890000 112.3337548
2997070.312 2890000 120.3173032
3002929.688 2890000 125.2088225
3008789.062 2890000 127.3633595
3014648.438 2890000 127.1346627
3020507.812 2890000 124.8708013
3026367.188 2890000 120.9095538
3032226.562 2890000 115.5742099
3038085.938 2890000 109.1706987
3043945.312 2890000 101.9850549
3049804.688 2890000 94.28193575
3055664.062 2890000 86.30378116
3061523.438 2890000 78.26944399
3067382.812 2890000 70.37341986
3073242.188 2890000 62.78607213
3079101.562 2890000 55.6541372
3084960.938 2890000 49.10131141
3090820.312 2890000 43.22893061
3096679.688 2890000 38.11576061
3102539.062 2890000 33.82241348
3108398.438 2890000 30.38999492
3114257.812 2890000 27.84268136
3120117.188 2890000 26.18999744
3125976.562 2890000 25.42747632
3131835.938 2890000 25.53876405
3137695.312 2890000 26.49504357
3143554.688 2890000 28.25857007
3149414.062 2890000 30.78467381
3155273.438 2890000 34.02269895
3161132.812 2890000 37.9173322
3166992.188 2890000 42.40895367
3172851.562 2890000 47.43631003
3178710.938 2890000 52.93675298
3184570.312 2890000 58.84578614
3190429.688 2890000 65.10082023
3196289.062 2890000 71.64077303
3202148.438 2890000 78.4060575
3208007.812 2890000 85.33956809
3213867.188 2890000 92.3877166
3219726.562 2890000 99.50081649
3225585.938 2890000 106.632359
3231445.312 2890000 113.7405013
3237304.688 2890000 120.7881258
3243164.062 2890000 127.7439148
3249023.438 2890000 134.5822113
3254882.812 2890000 141.2816893
3260742.188 2890000 147.8253461
3266601.562 2890000 154.199076
3272460.938 2890000 160.3941018
3278320.312 2890000 166.4063419
3284179.688 2890000 172.235423
3290039.062 2890000 177.8843495
3295898.438 2890000 183.3572623
3301757.812 2890000 188.6596211
3307617.188 2890000 193.800472
3313476.562 2890000 198.7922054
3319335.938 2890000 203.6491619
3325195.312 2890000 208.3879985
3331054.688 2890000 213.0253293
3336914.062 2890000 217.5773872
3342773.438 2890000 222.0622965
3348632.812 2890000 226.4990553
3354492.188 2890000 230.9072983
3360351.562 2890000 235.305606
3366210.938 2890000 239.7114506
3372070.312 2890000 244.1409104
3377929.688 2890000 248.6090117
3383789.062 2890000 253.1304499
3389648.438 2890000 257.7180696
3395507.812 2890000 262.3829646
3401367.188 2890000 267.1338818
3407226.562 2890000 271.9772445
3413085.938 2890000 276.9174857
3418945.312 2890000 281.9563508
3424804.688 2890000 287.0944153
3430664.062 2890000 292.3309694
3436523.438 2890000 297.6626734
3442382.812 2890000 303.083814
3448242.188 2890000 308.5863474
3454101.562 2890000 314.1610087
3459960.938 2890000 319.7977203
3465820.312 2890000 325.4855977
3471679.688 2890000 331.2131816
3477539.062 2890000 336.9697857
3483398.438 2890000 342.7455931
3489257.812 2890000 348.5300069
3495117.188 2890000 354.3129037
3500976.562 2890000 360.0849845
3506835.938 2890000 365.8388838
3512695.312 2890000 371.5691869
3518554.688 2890000 377.2699363
3524414.062 2890000 382.9348963
3530273.438 2890000 388.5592622
3536132.812 2890000 394.1412547
3541992.188 2890000 399.6794997
3547851.562 2890000 405.1724287
3553710.938 2890000 410.6195733
3559570.312 2890000 416.0214413
3565429.688 2890000 421.3796891
3571289.062 2890000 426.6968523
3577148.438 2890000 431.976426
3583007.812 2890000 437.2232404
3588867.188 2890000 442.4419069
3594726.562 2890000 447.6372284
3600585.938 2890000 452.8129006
3606445.312 2890000 457.9718803
3612304.688 2890000 463.1168702
3618164.062 2890000 468.2516729
3624023.438 2890000 473.379691
3629882.812 2890000 478.502122
3635742.188 2890000 483.6192641
3641601.562 2890000 488.7305399
3647460.938 2890000 493.8377667
3653320.312 2890000 498.9452853
3659179.688 2890000 504.0583779
3665039.062 2890000 509.1844039
3670898.438 2890000 514.3287957
3676757.812 2890000 519.4981734
3682617.188 2890000 524.702432
3688476.562 2890000 529.9523332
3694335.938 2890000 535.2560354
3700195.312 2890000 540.6174292
3706054.688 2890000 546.0420143
3711914.062 2890000 551.5298496
3717773.438 2890000 557.084795
3723632.812 2890000 562.7074273
3729492.188 2890000 568.3964449
3735351.562 2890000 574.1496825
3741210.938 2890000 579.9641344
3747070.312 2890000 585.8360323
3752929.688 2890000 591.760749
3758789.062 2890000 597.7341307
3764648.438 2890000 603.7546127
3770507.812 2890000 609.820069
3776367.188 2890000 615.9307641
3782226.562 2890000 622.0868309
3788085.938 2890000 628.288271
3793945.312 2890000 634.5348485
3799804.688 2890000 640.8287296
3805664.062 2890000 647.1701978
3811523.438 2890000 653.5610869
3817382.812 2890000 660.0031047
3823242.188 2890000 666.4981068
3829101.562 2890000 673.0482225
3834960.938 2890000 679.6527515
3840820.312 2890000 686.3132262
3846679.688 2890000 693.0256595
3852539.062 2890000 699.78699
3858398.438 2890000 706.589754
3864257.812 2890000 713.4237821
3870117.188 2890000 720.278076
3875976.562 2890000 727.1373059
3881835.938 2890000 733.9831613
3887695.312 2890000 740.7949304
3893554.688 2890000 747.5497881
3899414.062 2890000 754.2240828
3905273.438 2890000 760.7921301
3911132.812 2890000 767.2335432
3916992.188 2890000 773.5307489
3922851.562 2890000 779.6765343
3928710.938 2890000 785.6712391
3934570.312 2890000 791.522575
3940429.688 2890000 797.2410916
3946289.062 2890000 802.8410945
3952148.438 2890000 808.3364595
3958007.812 2890000 813.7403015
3963867.188 2890000 819.0701167
3969726.562 2890000 824.3464429
3975585.938 2890000 829.5936298
3981445.312 2890000 834.8301828
3987304.688 2890000 840.0751641
3993164.062 2890000 845.35226
3999023.438 2890000 850.6883525
4004882.812 2890000 856.1186769
4010742.188 2890000 861.6794443
4016601.562 2890000 867.4059844
4022460.938 2890000 873.3346505
4028320.312 2890000 879.5011594
4034179.688 2890000 885.9414867
4040039.062 2890000 892.6865131
4045898.438 2890000 899.7636112
4051757.812 2890000 907.191298
4057617.188 2890000 914.9808362
4063476.562 2890000 923.1403543
4069335.938 2890000 931.6744475
4075195.312 2890000 940.5783541
4081054.688 2890000 949.836723
4086914.062 2890000 959.4271452
4092773.438 2890000 969.3125284
4098632.812 2890000 979.4395986
4104492.188 2890000 989.7438787
4110351.562 2890000 1000.143424
4116210.938 2890000 1010.539393
4122070.312 2890000 1020.822083
4127929.688 2890000 1030.879722
4133789.062 2890000 1040.62209
4139648.438 2890000 1049.995561
4145507.812 2890000 1058.971817
4151367.188 2890000 1067.531896
4157226.562 2890000 1075.664745
4163085.938 2890000 1083.362034
4168945.312 2890000 1090.620508
4174804.688 2890000 1097.440908
4180664.062 2890000 1103.82808
4186523.438 2890000 1109.795353
4192382.812 2890000 1115.366884
4198242.188 2890000 1120.587677
4204101.562 2890000 1125.540879
4209960.938 2890000 1130.352647
4215820.312 2890000 1135.177139
4221679.688 2890000 1140.189269
4227539.062 2890000 1145.570912
4233398.438 2890000 1151.502268
4239257.812 2890000 1158.153543
4245117.188 2890000 1165.666631
4250976.562 2890000 1174.148702
4256835.938 2890000 1183.666625
4262695.312 2890000 1194.250687
4268554.688 2890000 1205.901103
4274414.062 2890000 1218.588867
4280273.438 2890000 1232.256845
4286132.812 2890000 1246.794124
4291992.188 2890000 1261.980589
4297851.562 2890000 1277.573598
4303710.938 2890000 1293.476588
4309570.312 2890000 1309.699239
4315429.688 2890000 1326.247859
4321289.062 2890000 1343.150832
4327148.438 2890000 1360.501115
4333007.812 2890000 1378.866095
4338867.188 2890000 1399.2942
4344726.562 2890000 1414.016678
4432617.188 2890000 1797.45181
4438476.562 2890000 2067.703962
4444335.938 2890000 2235.472875
4450195.312 2890000 2313.345092
4456054.688 2890000 2381.002185
4461914.062 2890000 2429.127846
4467773.438 2890000 2442.067332
4473632.812 2890000 2455.06467
4479492.188 2890000 2500.255364
4485351.562 2890000 2519.734444
4491210.938 2890000 2443.904503
4497070.312 2890000 2171.979449
