# x y bottom topography
46875 0 -22.86683478
140625 0 -23.05075843
234375 0 -23.41465165
328125 0 -23.95067224
421875 0 -24.64715241
515625 0 -25.48866751
609375 0 -26.45628289
703125 0 -27.52780215
796875 0 -28.67808492
890625 0 -29.87958023
984375 0 -31.10290146
1078125 0 -32.31753737
1171875 0 -33.49271719
1265625 0 -34.59830946
1359375 0 -35.60580327
1453125 0 -36.48923962
1546875 0 -37.22605498
1640625 0 -37.79783695
1734375 0 -38.19082938
1828125 0 -38.39619343
1921875 0 -38.41009464
2015625 0 -38.233506
2109375 0 -37.87178945
2203125 0 -37.33422233
2296875 0 -36.63334367
2390625 0 -35.78425475
2484375 0 -34.80401451
2578125 0 -33.71099828
2671875 0 -32.5243184
2765625 0 -31.26339133
2859375 0 -29.94752433
2953125 0 -28.59563429
3046875 0 -27.22599243
3140625 0 -25.85605158
3234375 0 -24.50234173
3328125 0 -23.18036224
3421875 0 -21.90455822
3515625 0 -20.68827772
3609375 0 -19.54374536
3703125 0 -18.48206478
3796875 0 -17.51324457
3890625 0 -16.64614776
3984375 0 -15.88851926
4078125 0 -15.24701264
4171875 0 -14.72717677
4265625 0 -14.3334248
4359375 0 -14.06907111
4453125 0 -13.93634886
