# x y surface topography
2929.6875 2890000 1876.210588
8789.0625 2890000 1861.696215
14648.4375 2890000 1843.041418
20507.8125 2890000 1815.493811
26367.1875 2890000 1773.364605
32226.5625 2890000 1722.668104
38085.9375 2890000 1679.933357
43945.3125 2890000 1655.887289
49804.6875 2890000 1647.805535
55664.0625 2890000 1646.336825
61523.4375 2890000 1644.100281
67382.8125 2890000 1638.13125
73242.1875 2890000 1628.263517
79101.5625 2890000 1615.313342
84960.9375 2890000 1600.245759
90820.3125 2890000 1584.014921
96679.6875 2890000 1567.480999
102539.0625 2890000 1551.174323
108398.4375 2890000 1535.103381
114257.8125 2890000 1518.960255
120117.1875 2890000 1502.513355
125976.5625 2890000 1485.833044
131835.9375 2890000 1469.297465
137695.3125 2890000 1453.459803
143554.6875 2890000 1438.86738
149414.0625 2890000 1425.893639
155273.4375 2890000 1414.653956
161132.8125 2890000 1405.01953
166992.1875 2890000 1396.693885
172851.5625 2890000 1389.310931
178710.9375 2890000 1382.515329
184570.3125 2890000 1376.010588
190429.6875 2890000 1369.569878
196289.0625 2890000 1363.027859
202148.4375 2890000 1356.279386
208007.8125 2890000 1349.277039
213867.1875 2890000 1342.016378
219726.5625 2890000 1334.520871
225585.9375 2890000 1326.828884
231445.3125 2890000 1318.990076
237304.6875 2890000 1311.054797
243164.0625 2890000 1303.069205
249023.4375 2890000 1295.077156
254882.8125 2890000 1287.119586
260742.1875 2890000 1279.233399
266601.5625 2890000 1271.437816
272460.9375 2890000 1263.732386
278320.3125 2890000 1256.112551
284179.6875 2890000 1248.575579
290039.0625 2890000 1241.116331
295898.4375 2890000 1233.72859
301757.8125 2890000 1226.405263
307617.1875 2890000 1219.141183
313476.5625 2890000 1211.934144
319335.9375 2890000 1204.783464
325195.3125 2890000 1197.690376
331054.6875 2890000 1190.657108
336914.0625 2890000 1183.687681
342773.4375 2890000 1176.789634
348632.8125 2890000 1169.967202
354492.1875 2890000 1163.211486
360351.5625 2890000 1156.507011
366210.9375 2890000 1149.843138
372070.3125 2890000 1143.213259
377929.6875 2890000 1136.610904
383789.0625 2890000 1130.028372
389648.4375 2890000 1123.456105
395507.8125 2890000 1116.883047
401367.1875 2890000 1110.296188
407226.5625 2890000 1103.681613
413085.9375 2890000 1097.025759
418945.3125 2890000 1090.316796
424804.6875 2890000 1083.54693
430664.0625 2890000 1076.713203
436523.4375 2890000 1069.817478
442382.8125 2890000 1062.865677
448242.1875 2890000 1055.865789
454101.5625 2890000 1048.8271
459960.9375 2890000 1041.759344
465820.3125 2890000 1034.672311
471679.6875 2890000 1027.576469
477539.0625 2890000 1020.48302
483398.4375 2890000 1013.403987
489257.8125 2890000 1006.3517
495117.1875 2890000 999.3388573
500976.5625 2890000 992.3774524
506835.9375 2890000 985.4780131
512695.3125 2890000 978.6485611
518554.6875 2890000 971.8939446
524414.0625 2890000 965.2165947
530273.4375 2890000 958.6176095
536132.8125 2890000 952.0969978
541992.1875 2890000 945.6541121
547851.5625 2890000 939.2875576
553710.9375 2890000 932.9954714
559570.3125 2890000 926.775884
565429.6875 2890000 920.6267994
571289.0625 2890000 914.5462913
577148.4375 2890000 908.5326454
583007.8125 2890000 902.5844233
588867.1875 2890000 896.7003166
594726.5625 2890000 890.8791773
600585.9375 2890000 885.1198647
606445.3125 2890000 879.4210727
612304.6875 2890000 873.7812496
618164.0625 2890000 868.198093
624023.4375 2890000 862.6674093
629882.8125 2890000 857.1820134
635742.1875 2890000 851.7318946
641601.5625 2890000 846.3058794
647460.9375 2890000 840.8932924
653320.3125 2890000 835.4843899
659179.6875 2890000 830.0706702
665039.0625 2890000 824.6449828
670898.4375 2890000 819.2017521
676757.8125 2890000 813.736642
682617.1875 2890000 808.2468452
688476.5625 2890000 802.7307992
694335.9375 2890000 797.1878764
700195.3125 2890000 791.6185772
706054.6875 2890000 786.024171
711914.0625 2890000 780.4063864
717773.4375 2890000 774.7672634
723632.8125 2890000 769.1092913
729492.1875 2890000 763.4348836
735351.5625 2890000 757.7464699
741210.9375 2890000 752.0464399
747070.3125 2890000 746.336793
752929.6875 2890000 740.6192944
758789.0625 2890000 734.8954653
764648.4375 2890000 729.1663885
770507.8125 2890000 723.4327842
776367.1875 2890000 717.6950058
782226.5625 2890000 711.9532295
788085.9375 2890000 706.2072968
793945.3125 2890000 700.4568972
799804.6875 2890000 694.7016832
805664.0625 2890000 688.9412011
811523.4375 2890000 683.1748815
817382.8125 2890000 677.402308
823242.1875 2890000 671.6229663
829101.5625 2890000 665.8362417
834960.9375 2890000 660.0414459
840820.3125 2890000 654.2375572
846679.6875 2890000 648.4233957
852539.0625 2890000 642.5979066
858398.4375 2890000 636.7602798
864257.8125 2890000 630.9100904
870117.1875 2890000 625.0476183
875976.5625 2890000 619.1736477
881835.9375 2890000 613.2897636
887695.3125 2890000 607.3984308
893554.6875 2890000 601.502792
899414.0625 2890000 595.606879
905273.4375 2890000 589.7155339
911132.8125 2890000 583.834342
916992.1875 2890000 577.9695273
922851.5625 2890000 572.1278626
928710.9375 2890000 566.3165635
934570.3125 2890000 560.543234
940429.6875 2890000 554.8154997
946289.0625 2890000 549.1409512
952148.4375 2890000 543.5270677
958007.8125 2890000 537.9807724
963867.1875 2890000 532.5082323
969726.5625 2890000 527.1148814
975585.9375 2890000 521.8047316
981445.3125 2890000 516.5800471
987304.6875 2890000 511.4412889
993164.0625 2890000 506.3867479
999023.4375 2890000 501.4132105
1004882.812 2890000 496.5162041
1010742.188 2890000 491.6901747
1016601.562 2890000 486.9289323
1022460.938 2890000 482.2256355
1028320.312 2890000 477.5729509
1034179.688 2890000 472.9632243
1040039.062 2890000 468.3883562
1045898.438 2890000 463.8400798
1051757.812 2890000 459.3100414
1057617.188 2890000 454.7897514
1063476.562 2890000 450.2705719
1069335.938 2890000 445.7440464
1075195.312 2890000 441.2017777
1081054.688 2890000 436.6352718
1086914.062 2890000 432.0364324
1092773.438 2890000 427.3975036
1098632.812 2890000 422.7108648
1104492.188 2890000 417.969671
1110351.562 2890000 413.1675728
1116210.938 2890000 408.2987411
1122070.312 2890000 403.3584521
1127929.688 2890000 398.3425772
1133789.062 2890000 393.2480117
1139648.438 2890000 388.0727671
1145507.812 2890000 382.8159313
1151367.188 2890000 377.4776732
1157226.562 2890000 372.0593901
1163085.938 2890000 366.5638686
1168945.312 2890000 360.9947132
1174804.688 2890000 355.3570631
1180664.062 2890000 349.6574196
1186523.438 2890000 343.9027694
1192382.812 2890000 338.1017234
1198242.188 2890000 332.2637092
1204101.562 2890000 326.398662
1209960.938 2890000 320.5174605
1215820.312 2890000 314.631511
1221679.688 2890000 308.7522293
1227539.062 2890000 302.8911448
1233398.438 2890000 297.060172
1239257.812 2890000 291.2704071
1245117.188 2890000 285.5321455
1250976.562 2890000 279.85564
1256835.938 2890000 274.249548
1262695.312 2890000 268.7217085
1268554.688 2890000 263.2796231
1274414.062 2890000 257.9286853
1280273.438 2890000 252.6738878
1286132.812 2890000 247.5191634
1291992.188 2890000 242.4663859
1297851.562 2890000 237.5169595
1303710.938 2890000 232.6709314
1309570.312 2890000 227.9269407
1315429.688 2890000 223.2824923
1321289.062 2890000 218.7339551
1327148.438 2890000 214.276444
1333007.812 2890000 209.9041131
1338867.188 2890000 205.6102014
1344726.562 2890000 201.387125
1350585.938 2890000 197.2262857
1356445.312 2890000 193.1187491
1362304.688 2890000 189.0549357
1368164.062 2890000 185.0248096
1374023.438 2890000 181.0183369
1379882.812 2890000 177.0250753
1385742.188 2890000 173.0348827
1391601.562 2890000 169.0377229
1397460.938 2890000 165.0237939
1403320.312 2890000 160.9839894
1409179.688 2890000 156.9092825
1415039.062 2890000 152.7916911
1420898.438 2890000 148.6236619
1426757.812 2890000 144.3980969
1432617.188 2890000 140.1093212
1438476.562 2890000 135.7526013
1444335.938 2890000 131.3246201
1450195.312 2890000 126.8240511
1456054.688 2890000 122.2509917
1461914.062 2890000 117.6073383
1467773.438 2890000 112.897457
1473632.812 2890000 108.1268839
1479492.188 2890000 103.3033239
1485351.562 2890000 98.43649049
1491210.938 2890000 93.53732855
1497070.312 2890000 88.61842799
1502929.688 2890000 83.69367937
1508789.062 2890000 78.77792894
1514648.438 2890000 73.88689336
1520507.812 2890000 69.036739
1526367.188 2890000 64.24362636
1532226.562 2890000 59.52384631
1538085.938 2890000 54.8931343
1543945.312 2890000 50.36598414
1549804.688 2890000 45.95611999
1555664.062 2890000 41.67544126
1561523.438 2890000 37.5336566
1567382.812 2890000 33.53875297
1573242.188 2890000 29.69571029
1579101.562 2890000 26.00638572
1584960.938 2890000 22.46985157
1590820.312 2890000 19.0813368
1596679.688 2890000 15.83231941
1602539.062 2890000 12.71093765
1608398.438 2890000 9.700500836
1614257.812 2890000 6.780626763
1620117.188 2890000 3.927060056
1625976.562 2890000 1.110812892
1631835.938 2890000 -1.700676599
1637695.312 2890000 -4.543771595
1643554.688 2890000 -7.458628486
1649414.062 2890000 -10.4884944
1655273.438 2890000 -13.67954348
1661132.812 2890000 -17.08034253
1666992.188 2890000 -20.74149062
1672851.562 2890000 -24.71460624
1678710.938 2890000 -29.0524039
1684570.312 2890000 -33.80711386
1690429.688 2890000 -39.03017157
1696289.062 2890000 -44.77171999
1702148.438 2890000 -51.0787819
1708007.812 2890000 -57.99544015
1713867.188 2890000 -65.56118994
1719726.562 2890000 -73.81001648
1725585.938 2890000 -82.77000211
1731445.312 2890000 -92.46149331
1737304.688 2890000 -102.8968622
1743164.062 2890000 -114.0792898
1749023.438 2890000 -126.0011508
1754882.812 2890000 -138.6439166
1760742.188 2890000 -151.9768228
1766601.562 2890000 -165.9557058
1772460.938 2890000 -180.5227655
1778320.312 2890000 -195.6061544
1784179.688 2890000 -211.1181169
1790039.062 2890000 -226.9557748
1795898.438 2890000 -243.0007875
1801757.812 2890000 -259.1180726
1807617.188 2890000 -275.157127
1813476.562 2890000 -290.9513952
1819335.938 2890000 -306.3189419
1825195.312 2890000 -321.0628543
1831054.688 2890000 -334.9721885
1836914.062 2890000 -347.8228435
1842773.438 2890000 -359.3794182
1848632.812 2890000 -369.3957661
1854492.188 2890000 -377.6172936
1860351.562 2890000 -383.7842959
1866210.938 2890000 -387.631876
1872070.312 2890000 -388.895181
1877929.688 2890000 -387.3108
1883789.062 2890000 -382.6214902
1889648.438 2890000 -374.5796662
1895507.812 2890000 -362.9497794
1901367.188 2890000 -347.5159395
1907226.562 2890000 -328.0852306
1913085.938 2890000 -304.4906818
1918945.312 2890000 -276.6016397
1924804.688 2890000 -244.3251917
1930664.062 2890000 -207.6134812
1936523.438 2890000 -166.4710567
1942382.812 2890000 -120.9591192
1948242.188 2890000 -71.20311381
1954101.562 2890000 -17.399561
1959960.938 2890000 40.17968283
1965820.312 2890000 101.1800259
1971679.688 2890000 165.1589312
1977539.062 2890000 231.5812661
1983398.438 2890000 299.8151461
1989257.812 2890000 369.1280925
1995117.188 2890000 438.6853871
2000976.562 2890000 507.5487449
2006835.938 2890000 574.6768891
2012695.312 2890000 638.9267183
2018554.688 2890000 699.059061
2024414.062 2890000 753.7414601
2030273.438 2890000 801.5563919
2036132.812 2890000 841.0123082
2041992.188 2890000 870.5519676
2047851.562 2890000 888.5654976
2053710.938 2890000 893.4072345
2059570.312 2890000 883.4102624
2065429.688 2890000 856.9027994
2071289.062 2890000 812.2285378
2077148.438 2890000 747.7679758
2083007.812 2890000 661.9553294
2088867.188 2890000 553.3042001
2094726.562 2890000 420.4281271
2100585.938 2890000 262.0651566
2106445.312 2890000 77.09921858
2112304.688 2890000 -135.4097922
2118164.062 2890000 -376.2062362
2124023.438 2890000 -645.8131109
2129882.812 2890000 -944.5017644
2135742.188 2890000 -1272.269999
2141601.562 2890000 -1628.819346
2147460.938 2890000 -2013.529372
2153320.312 2890000 -2425.436445
2159179.688 2890000 -2863.221555
2165039.062 2890000 -3325.190669
2170898.438 2890000 -3809.266364
2176757.812 2890000 -4312.984504
2182617.188 2890000 -4833.485438
2188476.562 2890000 -5367.517529
2194335.938 2890000 -5911.444998
2200195.312 2890000 -6461.244817
2206054.688 2890000 -7012.521712
2211914.062 2890000 -7560.518899
2217773.438 2890000 -8100.128405
2223632.812 2890000 -8625.92017
2229492.188 2890000 -9132.163178
2235351.562 2890000 -9612.863924
2241210.938 2890000 -10061.80826
2247070.312 2890000 -10472.6072
2252929.688 2890000 -10838.7489
2258789.062 2890000 -11153.65087
2264648.438 2890000 -11410.70056
2270507.812 2890000 -11603.30811
2276367.188 2890000 -11724.94399
2282226.562 2890000 -11769.19009
2288085.938 2890000 -11729.78624
2293945.312 2890000 -11600.69299
2299804.688 2890000 -11376.1536
2305664.062 2890000 -11050.76275
2311523.438 2890000 -10619.53773
2317382.812 2890000 -10077.97342
2323242.188 2890000 -9422.128669
2329101.562 2890000 -8648.798107
2334960.938 2890000 -7755.753534
2340820.312 2890000 -6741.939728
2346679.688 2890000 -5607.703759
2352539.062 2890000 -4354.797815
2358398.438 2890000 -2986.719464
2364257.812 2890000 -1507.998248
2370117.188 2890000 79.30909905
2375976.562 2890000 1824.597679
2381835.938 2890000 3943.491245
2387695.312 2890000 5935.0659
2393554.688 2890000 6781.644117
2399414.062 2890000 6518.169242
2405273.438 2890000 5606.732548
2411132.812 2890000 4484.800755
2416992.188 2890000 3277.082116
2422851.562 2890000 1960.819215
2428710.938 2890000 559.7612478
2434570.312 2890000 -909.4906158
2440429.688 2890000 -2415.432315
2446289.062 2890000 -4119.84584
2452148.438 2890000 -6008.396844
2458007.812 2890000 -7876.614444
2463867.188 2890000 -9696.59519
2469726.562 2890000 -11667.16654
2475585.938 2890000 -13682.54759
2481445.312 2890000 -15536.71157
2487304.688 2890000 -17107.24955
2493164.062 2890000 -18369.80287
2499023.438 2890000 -19647.75664
2504882.812 2890000 -20384.30232
2510742.188 2890000 -19419.5287
2516601.562 2890000 -17984.75677
2522460.938 2890000 -16286.06417
2528320.312 2890000 -14344.75014
2534179.688 2890000 -12263.65405
2540039.062 2890000 -10100.29006
2545898.438 2890000 -7910.669428
2551757.812 2890000 -5740.92391
2557617.188 2890000 -3630.617477
2563476.562 2890000 -1612.584156
2569335.938 2890000 286.3515399
2575195.312 2890000 2044.966956
2581054.688 2890000 3647.207108
2586914.062 2890000 5081.757213
2592773.438 2890000 6341.580932
2598632.812 2890000 7423.444715
2604492.188 2890000 8327.434978
2610351.562 2890000 9056.508642
2616210.938 2890000 9616.081432
2622070.312 2890000 10013.64323
2627929.688 2890000 10258.39711
2633789.062 2890000 10360.93838
2639648.438 2890000 10332.92785
2645507.812 2890000 10186.78779
2651367.188 2890000 9935.430018
2657226.562 2890000 9591.990944
2663085.938 2890000 9169.607542
2668945.312 2890000 8681.214197
2674804.688 2890000 8139.36962
2680664.062 2890000 7556.11729
2686523.438 2890000 6942.864531
2692382.812 2890000 6310.27973
2698242.188 2890000 5668.22875
2704101.562 2890000 5025.705647
2709960.938 2890000 4390.802089
2715820.312 2890000 3770.685608
2721679.688 2890000 3171.592983
2727539.062 2890000 2598.840271
2733398.438 2890000 2056.84682
2739257.812 2890000 1549.169925
2745117.188 2890000 1078.544463
2750976.562 2890000 646.9353947
2756835.938 2890000 255.5893895
2762695.312 2890000 -94.90323751
2768554.688 2890000 -404.5476535
2774414.062 2890000 -673.8863761
2780273.438 2890000 -903.9297205
2786132.812 2890000 -1096.100672
2791992.188 2890000 -1252.168096
2797851.562 2890000 -1374.189316
2803710.938 2890000 -1464.449237
2809570.312 2890000 -1525.406412
2815429.688 2890000 -1559.639657
2821289.062 2890000 -1569.803732
2827148.438 2890000 -1558.578763
2833007.812 2890000 -1528.633776
2838867.188 2890000 -1482.586839
2844726.562 2890000 -1422.972888
2850585.938 2890000 -1352.221538
2856445.312 2890000 -1272.630108
2862304.688 2890000 -1186.347026
2868164.062 2890000 -1095.358212
2874023.438 2890000 -1001.478745
2879882.812 2890000 -906.3442263
2885742.188 2890000 -811.4093018
2891601.562 2890000 -717.9486486
2897460.938 2890000 -627.0606841
2903320.312 2890000 -539.6691169
2909179.688 2890000 -456.5344571
2915039.062 2890000 -378.2620767
2920898.438 2890000 -305.3108119
2926757.812 2890000 -238.0064469
2932617.188 2890000 -176.5506019
2938476.562 2890000 -121.0356283
2944335.938 2890000 -71.45759964
2950195.312 2890000 -27.72717821
2956054.688 2890000 10.31878955
2961914.062 2890000 42.90264256
2967773.438 2890000 70.29670001
2973632.812 2890000 92.81207689
2979492.188 2890000 110.7915286
2985351.562 2890000 124.5971028
2991210.938 2890000 134.6036817
2997070.312 2890000 141.1946585
3002929.688 2890000 144.7513327
3008789.062 2890000 145.648237
3014648.438 2890000 144.252761
3020507.812 2890000 140.9163434
3026367.188 2890000 135.9729769
3032226.562 2890000 129.7391968
3038085.938 2890000 122.5084156
3043945.312 2890000 114.5500963
3049804.688 2890000 106.1119996
3055664.062 2890000 97.41764735
3061523.438 2890000 88.66467716
3067382.812 2890000 80.02875345
3073242.188 2890000 71.66366188
3079101.562 2890000 63.69920681
3084960.938 2890000 56.24508667
3090820.312 2890000 49.39235522
3096679.688 2890000 43.21432643
3102539.062 2890000 37.76556239
3108398.438 2890000 33.08748827
3114257.812 2890000 29.20646824
3120117.188 2890000 26.13634509
3125976.562 2890000 23.88151086
3131835.938 2890000 22.4364481
3137695.312 2890000 21.78683668
3143554.688 2890000 21.91133928
3149414.062 2890000 22.78204315
3155273.438 2890000 24.36634343
3161132.812 2890000 26.62863058
3166992.188 2890000 29.52913548
3172851.562 2890000 33.0246926
3178710.938 2890000 37.07262956
3184570.312 2890000 41.62617976
3190429.688 2890000 46.63894993
3196289.062 2890000 52.06656818
3202148.438 2890000 57.8623879
3208007.812 2890000 63.98083102
3213867.188 2890000 70.37644436
3219726.562 2890000 77.00666538
3225585.938 2890000 83.83034818
3231445.312 2890000 90.80594265
3237304.688 2890000 97.89434812
3243164.062 2890000 105.0602872
3249023.438 2890000 112.2688864
3254882.812 2890000 119.4871274
3260742.188 2890000 126.6858785
3266601.562 2890000 133.8394836
3272460.938 2890000 140.9218208
3278320.312 2890000 147.909723
3284179.688 2890000 154.7856832
3290039.062 2890000 161.5315765
3295898.438 2890000 168.1332711
3301757.812 2890000 174.5783392
3307617.188 2890000 180.8566327
3313476.562 2890000 186.9628177
3319335.938 2890000 192.8919182
3325195.312 2890000 198.6409901
3331054.688 2890000 204.2107341
3336914.062 2890000 209.6034169
3342773.438 2890000 214.8236377
3348632.812 2890000 219.8779028
3354492.188 2890000 224.7749124
3360351.562 2890000 229.5246221
3366210.938 2890000 234.1391737
3372070.312 2890000 238.6319455
3377929.688 2890000 243.0174609
3383789.062 2890000 247.3115366
3389648.438 2890000 251.5292234
3395507.812 2890000 255.6869445
3401367.188 2890000 259.8008363
3407226.562 2890000 263.8865587
3413085.938 2890000 267.9605606
3418945.312 2890000 272.0379146
3424804.688 2890000 276.1324933
3430664.062 2890000 280.2588103
3436523.438 2890000 284.4294891
3442382.812 2890000 288.655614
3448242.188 2890000 292.9468121
3454101.562 2890000 297.3116078
3459960.938 2890000 301.7578041
3465820.312 2890000 306.2910683
3471679.688 2890000 310.9158711
3477539.062 2890000 315.635386
3483398.438 2890000 320.4513821
3489257.812 2890000 325.3644243
3495117.188 2890000 330.3735034
3500976.562 2890000 335.4769962
3506835.938 2890000 340.6713133
3512695.312 2890000 345.9523141
3518554.688 2890000 351.3149868
3524414.062 2890000 356.7530609
3530273.438 2890000 362.2608518
3536132.812 2890000 367.8313475
3541992.188 2890000 373.4568192
3547851.562 2890000 379.1295485
3553710.938 2890000 384.8422157
3559570.312 2890000 390.5878348
3565429.688 2890000 396.3587986
3571289.062 2890000 402.1482003
3577148.438 2890000 407.9488659
3583007.812 2890000 413.7539987
3588867.188 2890000 419.558054
3594726.562 2890000 425.3558911
3600585.938 2890000 431.1419572
3606445.312 2890000 436.9113654
3612304.688 2890000 442.660143
3618164.062 2890000 448.384306
3624023.438 2890000 454.0798411
3629882.812 2890000 459.7438376
3635742.188 2890000 465.3738421
3641601.562 2890000 470.9674997
3647460.938 2890000 476.5236512
3653320.312 2890000 482.0426957
3659179.688 2890000 487.5258389
3665039.062 2890000 492.9753059
3670898.438 2890000 498.3949995
3676757.812 2890000 503.7898503
3682617.188 2890000 509.1657486
3688476.562 2890000 514.5276379
3694335.938 2890000 519.8809276
3700195.312 2890000 525.2314873
3706054.688 2890000 530.5833403
3711914.062 2890000 535.9418456
3717773.438 2890000 541.3114033
3723632.812 2890000 546.6953424
3729492.188 2890000 552.0976233
3735351.562 2890000 557.5217618
3741210.938 2890000 562.9701626
3747070.312 2890000 568.4454622
3752929.688 2890000 573.9505523
3758789.062 2890000 579.488359
3764648.438 2890000 585.0616339
3770507.812 2890000 590.6747898
3776367.188 2890000 596.3322824
3782226.562 2890000 602.0382564
3788085.938 2890000 607.7981633
3793945.312 2890000 613.6168251
3799804.688 2890000 619.4985315
3805664.062 2890000 625.4484202
3811523.438 2890000 631.4706579
3817382.812 2890000 637.5685507
3823242.188 2890000 643.7462029
3829101.562 2890000 650.0060073
3834960.938 2890000 656.349059
3840820.312 2890000 662.7762533
3846679.688 2890000 669.2865724
3852539.062 2890000 675.8771367
3858398.438 2890000 682.5440794
3864257.812 2890000 689.2815709
3870117.188 2890000 696.0819439
3875976.562 2890000 702.9349228
3881835.938 2890000 709.8279905
3887695.312 2890000 716.7473706
3893554.688 2890000 723.6769167
3899414.062 2890000 730.5977251
3905273.438 2890000 737.491612
3911132.812 2890000 744.3413
3916992.188 2890000 751.1311207
3922851.562 2890000 757.8501621
3928710.938 2890000 764.4923803
3934570.312 2890000 771.0540736
3940429.688 2890000 777.533649
3946289.062 2890000 783.9321379
3952148.438 2890000 790.2507786
3958007.812 2890000 796.4922744
3963867.188 2890000 802.66132
3969726.562 2890000 808.7623024
3975585.938 2890000 814.8013567
3981445.312 2890000 820.7864412
3987304.688 2890000 826.7260458
3993164.062 2890000 832.6322865
3999023.438 2890000 838.5199175
4004882.812 2890000 844.4068023
4010742.188 2890000 850.315677
4016601.562 2890000 856.2729284
4022460.938 2890000 862.3078212
4028320.312 2890000 868.4517725
4034179.688 2890000 874.7369438
4040039.062 2890000 881.1944584
4045898.438 2890000 887.8547111
4051757.812 2890000 894.7474615
4057617.188 2890000 901.8983466
4063476.562 2890000 909.3296147
4069335.938 2890000 917.058724
4075195.312 2890000 925.0979182
4081054.688 2890000 933.450863
4086914.062 2890000 942.1136355
4092773.438 2890000 951.073108
4098632.812 2890000 960.3047242
4104492.188 2890000 969.7727327
4110351.562 2890000 979.4284769
4116210.938 2890000 989.2097219
4122070.312 2890000 999.0422326
4127929.688 2890000 1008.846697
4133789.062 2890000 1018.553632
4139648.438 2890000 1028.110656
4145507.812 2890000 1037.477624
4151367.188 2890000 1046.615989
4157226.562 2890000 1055.487311
4163085.938 2890000 1064.055144
4168945.312 2890000 1072.284693
4174804.688 2890000 1080.144514
4180664.062 2890000 1087.610539
4186523.438 2890000 1094.666618
4192382.812 2890000 1101.31122
4198242.188 2890000 1107.563708
4204101.562 2890000 1113.473953
4209960.938 2890000 1119.12698
4215820.312 2890000 1124.63069
4221679.688 2890000 1130.109212
4227539.062 2890000 1135.692447
4233398.438 2890000 1141.512661
4239257.812 2890000 1147.695841
4245117.188 2890000 1154.355646
4250976.562 2890000 1161.593881
4256835.938 2890000 1169.490555
4262695.312 2890000 1178.112475
4268554.688 2890000 1187.514274
4274414.062 2890000 1197.737083
4280273.438 2890000 1208.813094
4286132.812 2890000 1220.73352
4291992.188 2890000 1233.403096
4297851.562 2890000 1246.71169
4303710.938 2890000 1260.68554
4309570.312 2890000 1275.459374
4315429.688 2890000 1291.202579
4321289.062 2890000 1308.152743
4327148.438 2890000 1326.687032
4333007.812 2890000 1347.372038
4338867.188 2890000 1370.992741
4344726.562 2890000 1398.590605
4350585.938 2890000 1431.66968
4356445.312 2890000 1472.363619
4362304.688 2890000 1523.250033
4368164.062 2890000 1586.971477
4374023.438 2890000 1665.769194
4379882.812 2890000 1760.762621
4385742.188 2890000 1871.017119
4391601.562 2890000 1992.950074
4397460.938 2890000 2120.754579
4403320.312 2890000 2248.126231
4409179.688 2890000 2371.196766
4415039.062 2890000 2491.115683
4420898.438 2890000 2613.318759
4426757.812 2890000 2742.734128
4432617.188 2890000 2879.420002
4438476.562 2890000 3020.571162
4444335.938 2890000 3169.885745
4450195.312 2890000 3347.858527
4456054.688 2890000 3593.649331
4461914.062 2890000 3950.434036
4467773.438 2890000 4411.073114
4473632.812 2890000 4861.741433
4479492.188 2890000 5183.800001
4485351.562 2890000 5422.706372
4491210.938 2890000 5438.483319
4497070.312 2890000 4332.715948
