# x y bottom topography
70312.5 0 94.10713146
210937.5 0 95.27931651
351562.5 0 97.07892382
492187.5 0 98.44401707
632812.5 0 97.85092939
773437.5 0 93.41114132
914062.5 0 83.05688063
1054687.5 0 64.92618746
1195312.5 0 38.14282757
1335937.5 0 4.142228749
1476562.5 0 -32.03940224
1617187.5 0 -62.67628716
1757812.5 0 -81.63592568
1898437.5 0 -87.8911599
2039062.5 0 -84.38158395
2179687.5 0 -75.0442268
2320312.5 0 -63.15882632
2460937.5 0 -50.94811406
2601562.5 0 -39.68497922
2742187.5 0 -29.93467231
2882812.5 0 -21.79560324
3023437.5 0 -15.09445171
3164062.5 0 -9.52929234
3304687.5 0 -4.768897469
3445312.5 0 -0.5192669904
3585937.5 0 3.433519733
3726562.5 0 7.198123561
3867187.5 0 10.76791403
4007812.5 0 14.02770686
4148437.5 0 16.78044923
4289062.5 0 18.79395593
4429687.5 0 19.86159658
