# x y surface topography
4394.53125 1500000 -14651345.33
13183.59375 1500000 -8106632.922
21972.65625 1500000 -665264.3852
30761.71875 1500000 -8876.02092
39550.78125 1500000 -1870.95136
48339.84375 1500000 -1358.799194
57128.90625 1500000 -1555.923649
65917.96875 1500000 -1581.498017
74707.03125 1500000 -1563.655923
83496.09375 1500000 -1550.577711
92285.15625 1500000 -1532.984054
101074.2188 1500000 -1501.59551
109863.2812 1500000 -1478.6707
118652.3438 1500000 -1511.054513
127441.4062 1500000 -1609.741479
136230.4688 1500000 -1730.700016
145019.5312 1500000 -1839.968235
153808.5938 1500000 -1935.846272
162597.6562 1500000 -1918.777921
171386.7188 1500000 -1798.590321
180175.7812 1500000 -1758.800439
188964.8438 1500000 -1767.076206
197753.9062 1500000 -1775.318123
206542.9688 1500000 -1785.113392
215332.0312 1500000 -1795.283245
224121.0938 1500000 -1804.07034
232910.1562 1500000 -1810.828729
241699.2188 1500000 -1816.125937
250488.2812 1500000 -1820.774364
259277.3438 1500000 -1826.332446
268066.4062 1500000 -1836.135566
276855.4688 1500000 -1851.292583
285644.5312 1500000 -1867.606791
294433.5938 1500000 -1884.232697
303222.6562 1500000 -1902.935809
312011.7188 1500000 -1923.346112
320800.7812 1500000 -1944.350591
329589.8438 1500000 -1965.049801
338378.9062 1500000 -1985.088675
347167.9688 1500000 -2006.647869
355957.0312 1500000 -2036.315466
364746.0938 1500000 -2070.25153
373535.1562 1500000 -2077.102335
382324.2188 1500000 -2050.335598
391113.2812 1500000 -2029.938548
399902.3438 1500000 -2027.662635
408691.4062 1500000 -2033.333946
417480.4688 1500000 -2041.536888
426269.5312 1500000 -2050.031264
435058.5938 1500000 -2058.046907
443847.6562 1500000 -2065.525453
452636.7188 1500000 -2072.773676
461425.7812 1500000 -2080.134458
470214.8438 1500000 -2087.818442
479003.9062 1500000 -2095.78946
487792.9688 1500000 -2103.820275
496582.0312 1500000 -2111.82797
505371.0938 1500000 -2120.093234
514160.1562 1500000 -2129.253194
522949.2188 1500000 -2140.229507
531738.2812 1500000 -2153.625452
540527.3438 1500000 -2167.758854
549316.4062 1500000 -2179.392299
558105.4688 1500000 -2188.481707
566894.5312 1500000 -2197.20919
575683.5938 1500000 -2206.477614
584472.6562 1500000 -2216.179771
593261.7188 1500000 -2226.275521
602050.7812 1500000 -2236.795379
610839.8438 1500000 -2247.43379
619628.9062 1500000 -2257.711713
628417.9688 1500000 -2268.069354
637207.0312 1500000 -2280.082887
645996.0938 1500000 -2295.704139
654785.1562 1500000 -2315.672354
663574.2188 1500000 -2334.404345
672363.2812 1500000 -2340.923266
681152.3438 1500000 -2334.927759
689941.4062 1500000 -2328.356775
698730.4688 1500000 -2327.580255
707519.5312 1500000 -2331.379251
716308.5938 1500000 -2337.572382
725097.6562 1500000 -2344.82127
733886.7188 1500000 -2352.51639
742675.7812 1500000 -2360.374617
751464.8438 1500000 -2368.202354
760253.9062 1500000 -2375.938001
769042.9688 1500000 -2383.653926
777832.0312 1500000 -2391.386457
786621.0938 1500000 -2399.097048
795410.1562 1500000 -2406.753207
804199.2188 1500000 -2414.374517
812988.2812 1500000 -2422.028873
821777.3438 1500000 -2429.808727
830566.4062 1500000 -2437.806908
839355.4688 1500000 -2446.101195
848144.5312 1500000 -2454.778435
856933.5938 1500000 -2464.00183
865722.6562 1500000 -2474.065528
874511.7188 1500000 -2485.267626
883300.7812 1500000 -2497.342623
892089.8438 1500000 -2508.833988
900878.9062 1500000 -2518.224554
909667.9688 1500000 -2525.901535
918457.0312 1500000 -2533.325132
927246.0938 1500000 -2541.275336
936035.1562 1500000 -2549.75152
944824.2188 1500000 -2558.51169
953613.2812 1500000 -2567.345343
962402.3438 1500000 -2576.13574
971191.4062 1500000 -2584.847794
979980.4688 1500000 -2593.509518
988769.5312 1500000 -2602.218308
997558.5938 1500000 -2611.167554
1006347.656 1500000 -2620.70087
1015136.719 1500000 -2631.3598
1023925.781 1500000 -2643.812713
1032714.844 1500000 -2658.397996
1041503.906 1500000 -2673.801961
1050292.969 1500000 -2685.879872
1059082.031 1500000 -2691.004242
1067871.094 1500000 -2691.152236
1076660.156 1500000 -2691.196615
1085449.219 1500000 -2693.713675
1094238.281 1500000 -2698.704293
1103027.344 1500000 -2705.330198
1111816.406 1500000 -2712.831395
1120605.469 1500000 -2720.761317
1129394.531 1500000 -2728.986427
1138183.594 1500000 -2737.597132
1146972.656 1500000 -2746.743573
1155761.719 1500000 -2756.417709
1164550.781 1500000 -2766.273727
1173339.844 1500000 -2775.648922
1182128.906 1500000 -2783.967227
1190917.969 1500000 -2791.229553
1199707.031 1500000 -2798.055777
1208496.094 1500000 -2805.208311
1217285.156 1500000 -2813.074712
1226074.219 1500000 -2821.59548
1234863.281 1500000 -2830.490938
1243652.344 1500000 -2839.493714
1252441.406 1500000 -2848.458466
1261230.469 1500000 -2857.369153
1270019.531 1500000 -2866.313368
1278808.594 1500000 -2875.459567
1287597.656 1500000 -2885.036155
1296386.719 1500000 -2895.296351
1305175.781 1500000 -2906.411325
1313964.844 1500000 -2918.22006
1322753.906 1500000 -2929.939918
1331542.969 1500000 -2940.385605
1340332.031 1500000 -2948.991724
1349121.094 1500000 -2956.387982
1357910.156 1500000 -2963.587012
1366699.219 1500000 -2971.158223
1375488.281 1500000 -2979.214664
1384277.344 1500000 -2987.667681
1393066.406 1500000 -2996.384641
1401855.469 1500000 -3005.250008
1410644.531 1500000 -3014.174566
1419433.594 1500000 -3023.09481
1428222.656 1500000 -3031.97649
1437011.719 1500000 -3040.815677
1445800.781 1500000 -3049.651857
1454589.844 1500000 -3058.582292
1463378.906 1500000 -3067.778771
1472167.969 1500000 -3077.505446
1480957.031 1500000 -3088.096935
1489746.094 1500000 -3099.874331
1498535.156 1500000 -3112.88184
1507324.219 1500000 -3126.337165
1516113.281 1500000 -3138.208656
1524902.344 1500000 -3146.201406
1533691.406 1500000 -3150.06495
1542480.469 1500000 -3152.00674
1551269.531 1500000 -3154.389464
1560058.594 1500000 -3158.232785
1568847.656 1500000 -3163.557607
1577636.719 1500000 -3170.041478
1586425.781 1500000 -3177.350422
1595214.844 1500000 -3185.237205
1604003.906 1500000 -3193.541936
1612792.969 1500000 -3202.15366
1621582.031 1500000 -3210.95056
1630371.094 1500000 -3219.75632
1639160.156 1500000 -3228.359512
1647949.219 1500000 -3236.634333
1656738.281 1500000 -3244.625383
1665527.344 1500000 -3252.469617
1674316.406 1500000 -3260.283481
1683105.469 1500000 -3268.130325
1691894.531 1500000 -3276.029784
1700683.594 1500000 -3283.98184
1709472.656 1500000 -3291.982249
1718261.719 1500000 -3300.026407
1727050.781 1500000 -3308.111472
1735839.844 1500000 -3316.235535
1744628.906 1500000 -3324.397798
1753417.969 1500000 -3332.607215
1762207.031 1500000 -3340.878834
1770996.094 1500000 -3349.241176
1779785.156 1500000 -3357.747477
1788574.219 1500000 -3366.476834
1797363.281 1500000 -3375.540508
1806152.344 1500000 -3385.079733
1814941.406 1500000 -3395.232252
1823730.469 1500000 -3406.050994
1832519.531 1500000 -3417.352807
1841308.594 1500000 -3428.585781
1850097.656 1500000 -3438.974829
1858886.719 1500000 -3448.056449
1867675.781 1500000 -3456.09851
1876464.844 1500000 -3463.848788
1885253.906 1500000 -3471.993446
1894042.969 1500000 -3480.915756
1902832.031 1500000 -3490.710777
1911621.094 1500000 -3501.204464
1920410.156 1500000 -3511.99474
1929199.219 1500000 -3522.607493
1937988.281 1500000 -3532.714608
1946777.344 1500000 -3542.298166
1955566.406 1500000 -3551.650837
1964355.469 1500000 -3561.210235
1973144.531 1500000 -3571.348464
1981933.594 1500000 -3582.260785
1990722.656 1500000 -3593.979036
1999511.719 1500000 -3606.468428
2008300.781 1500000 -3619.727272
2017089.844 1500000 -3633.830536
2025878.906 1500000 -3648.933
2034667.969 1500000 -3665.241127
2043457.031 1500000 -3682.893875
2052246.094 1500000 -3701.760896
2061035.156 1500000 -3721.181066
2069824.219 1500000 -3739.940209
2078613.281 1500000 -3756.970671
2087402.344 1500000 -3772.390561
2096191.406 1500000 -3787.577219
2104980.469 1500000 -3804.170618
2113769.531 1500000 -3823.320152
2122558.594 1500000 -3845.71566
2131347.656 1500000 -3871.919628
2140136.719 1500000 -3902.717414
2148925.781 1500000 -3939.372041
2157714.844 1500000 -3983.888574
2166503.906 1500000 -4039.322374
2175292.969 1500000 -4110.210221
2184082.031 1500000 -4203.047722
2192871.094 1500000 -4326.865639
2201660.156 1500000 -4493.932782
2210449.219 1500000 -4720.49427
2219238.281 1500000 -5027.347737
2228027.344 1500000 -5440.13068
2236816.406 1500000 -5988.925207
2245605.469 1500000 -6707.055383
2254394.531 1500000 -7629.336512
2263183.594 1500000 -8789.307187
2271972.656 1500000 -10213.43021
2280761.719 1500000 -11905.07835
2289550.781 1500000 -13802.37805
2298339.844 1500000 -15698.72039
2307128.906 1500000 -17193.22133
2315917.969 1500000 -17849.99817
2324707.031 1500000 -17417.88744
2333496.094 1500000 -15630.63156
2342285.156 1500000 -12636.66467
2351074.219 1500000 -10067.09847
2359863.281 1500000 -7633.780214
2368652.344 1500000 -5014.593578
2377441.406 1500000 -1792.47744
2386230.469 1500000 1157.563257
2395019.531 1500000 -1699.364426
2403808.594 1500000 4102.041093
2412597.656 1500000 5069.997199
2421386.719 1500000 5319.598768
2430175.781 1500000 -467832.2721
2438964.844 1500000 -1135983.278
2447753.906 1500000 -720972.6342
2456542.969 1500000 -81033.2364
2465332.031 1500000 712.859253
2474121.094 1500000 -5142.232358
2482910.156 1500000 -10255.92561
2491699.219 1500000 -15463.74826
2500488.281 1500000 -16163.67006
2509277.344 1500000 -15523.71673
2518066.406 1500000 -14465.13083
2526855.469 1500000 -12878.50215
2535644.531 1500000 -10951.91495
2544433.594 1500000 -8921.429332
2553222.656 1500000 -6942.953525
2562011.719 1500000 -5134.162498
2570800.781 1500000 -3570.845228
2579589.844 1500000 -2295.156256
2588378.906 1500000 -1321.397335
2597167.969 1500000 -642.119088
2605957.031 1500000 -234.0638818
2614746.094 1500000 -63.22704559
2623535.156 1500000 -89.48989724
2632324.219 1500000 -270.212931
2641113.281 1500000 -563.2745401
2649902.344 1500000 -929.233273
2658691.406 1500000 -1332.964027
2667480.469 1500000 -1744.654803
2676269.531 1500000 -2140.338193
2685058.594 1500000 -2501.996094
2693847.656 1500000 -2817.297397
2702636.719 1500000 -3079.10997
2711425.781 1500000 -3284.774218
2720214.844 1500000 -3435.329569
2729003.906 1500000 -3534.638482
2737792.969 1500000 -3588.585104
2746582.031 1500000 -3604.282379
2755371.094 1500000 -3589.415942
2764160.156 1500000 -3551.665566
2772949.219 1500000 -3498.274622
2781738.281 1500000 -3435.722409
2790527.344 1500000 -3369.525345
2799316.406 1500000 -3304.128381
2808105.469 1500000 -3242.888817
2816894.531 1500000 -3188.128245
2825683.594 1500000 -3141.229363
2834472.656 1500000 -3102.775016
2843261.719 1500000 -3072.697091
2852050.781 1500000 -3050.440179
2860839.844 1500000 -3035.109469
2869628.906 1500000 -3025.61135
2878417.969 1500000 -3020.769347
2887207.031 1500000 -3019.423217
2895996.094 1500000 -3020.502022
2904785.156 1500000 -3023.071918
2913574.219 1500000 -3026.354703
2922363.281 1500000 -3029.728791
2931152.344 1500000 -3032.718016
2939941.406 1500000 -3034.976815
2948730.469 1500000 -3036.274488
2957519.531 1500000 -3036.480759
2966308.594 1500000 -3035.547578
2975097.656 1500000 -3033.486187
2983886.719 1500000 -3030.343392
2992675.781 1500000 -3026.182498
3001464.844 1500000 -3021.071985
3010253.906 1500000 -3015.077929
3019042.969 1500000 -3008.259798
3027832.031 1500000 -3000.696671
3036621.094 1500000 -2992.571743
3045410.156 1500000 -2984.22305
3054199.219 1500000 -2976.058999
3062988.281 1500000 -2968.391206
3071777.344 1500000 -2961.355066
3080566.406 1500000 -2954.953337
3089355.469 1500000 -2949.118183
3098144.531 1500000 -2943.74456
3106933.594 1500000 -2938.706448
3115722.656 1500000 -2933.870613
3124511.719 1500000 -2929.107394
3133300.781 1500000 -2924.299681
3142089.844 1500000 -2919.348804
3150878.906 1500000 -2914.177578
3159667.969 1500000 -2908.731717
3168457.031 1500000 -2902.978992
3177246.094 1500000 -2896.907759
3186035.156 1500000 -2890.525847
3194824.219 1500000 -2883.858828
3203613.281 1500000 -2876.950203
3212402.344 1500000 -2869.859464
3221191.406 1500000 -2862.66124
3229980.469 1500000 -2855.442183
3238769.531 1500000 -2848.294997
3247558.594 1500000 -2841.307535
3256347.656 1500000 -2834.547788
3265136.719 1500000 -2828.047287
3273925.781 1500000 -2821.794438
3282714.844 1500000 -2815.745158
3291503.906 1500000 -2809.839717
3300292.969 1500000 -2804.017679
3309082.031 1500000 -2798.224984
3317871.094 1500000 -2792.419951
3326660.156 1500000 -2786.576824
3335449.219 1500000 -2780.685953
3344238.281 1500000 -2774.751571
3353027.344 1500000 -2768.789519
3361816.406 1500000 -2762.825495
3370605.469 1500000 -2756.890486
3379394.531 1500000 -2751.015098
3388183.594 1500000 -2745.221744
3396972.656 1500000 -2739.515658
3405761.719 1500000 -2733.880121
3414550.781 1500000 -2728.279735
3423339.844 1500000 -2722.670835
3432128.906 1500000 -2717.010794
3440917.969 1500000 -2711.25961
3449707.031 1500000 -2705.381712
3458496.094 1500000 -2699.346554
3467285.156 1500000 -2693.127124
3476074.219 1500000 -2686.699487
3484863.281 1500000 -2680.041603
3493652.344 1500000 -2673.132523
3502441.406 1500000 -2665.953274
3511230.469 1500000 -2658.48905
3520019.531 1500000 -2650.732416
3528808.594 1500000 -2642.687286
3537597.656 1500000 -2634.375365
3546386.719 1500000 -2625.844846
3555175.781 1500000 -2617.176869
3563964.844 1500000 -2608.487055
3572753.906 1500000 -2599.920447
3581542.969 1500000 -2591.630486
3590332.031 1500000 -2583.736777
3599121.094 1500000 -2576.278021
3607910.156 1500000 -2569.203535
3616699.219 1500000 -2562.409885
3625488.281 1500000 -2555.783506
3634277.344 1500000 -2549.225155
3643066.406 1500000 -2542.662891
3651855.469 1500000 -2536.059476
3660644.531 1500000 -2529.412272
3669433.594 1500000 -2522.750628
3678222.656 1500000 -2516.131632
3687011.719 1500000 -2509.627396
3695800.781 1500000 -2503.306804
3704589.844 1500000 -2497.209522
3713378.906 1500000 -2491.319144
3722167.969 1500000 -2485.560067
3730957.031 1500000 -2479.823031
3739746.094 1500000 -2473.989992
3748535.156 1500000 -2467.946816
3757324.219 1500000 -2461.589953
3766113.281 1500000 -2454.826761
3774902.344 1500000 -2447.575564
3783691.406 1500000 -2439.766695
3792480.469 1500000 -2431.341226
3801269.531 1500000 -2422.249633
3810058.594 1500000 -2412.454654
3818847.656 1500000 -2401.94503
3827636.719 1500000 -2390.761373
3836425.781 1500000 -2379.02636
3845214.844 1500000 -2366.970304
3854003.906 1500000 -2354.942273
3862792.969 1500000 -2343.376392
3871582.031 1500000 -2332.664696
3880371.094 1500000 -2322.983653
3889160.156 1500000 -2314.250098
3897949.219 1500000 -2306.243043
3906738.281 1500000 -2298.731034
3915527.344 1500000 -2291.532385
3924316.406 1500000 -2284.537174
3933105.469 1500000 -2277.71227
3941894.531 1500000 -2271.094343
3950683.594 1500000 -2264.771394
3959472.656 1500000 -2258.835338
3968261.719 1500000 -2253.295206
3977050.781 1500000 -2248.007885
3985839.844 1500000 -2242.70567
3994628.906 1500000 -2237.086149
4003417.969 1500000 -2230.878941
4012207.031 1500000 -2223.860931
4020996.094 1500000 -2215.844838
4029785.156 1500000 -2206.660978
4038574.219 1500000 -2196.140498
4047363.281 1500000 -2184.109372
4056152.344 1500000 -2170.40946
4064941.406 1500000 -2154.96358
4073730.469 1500000 -2137.889
4082519.531 1500000 -2119.648988
4091308.594 1500000 -2101.197631
4100097.656 1500000 -2083.81739
4108886.719 1500000 -2068.299724
4117675.781 1500000 -2054.391981
4126464.844 1500000 -2041.440126
4135253.906 1500000 -2029.020933
4144042.969 1500000 -2017.077244
4152832.031 1500000 -2005.91907
4161621.094 1500000 -1996.1736
4170410.156 1500000 -1988.626305
4179199.219 1500000 -1983.690417
4187988.281 1500000 -1980.784988
4196777.344 1500000 -1978.561722
4205566.406 1500000 -1975.595002
4214355.469 1500000 -1970.760551
4223144.531 1500000 -1963.363112
4231933.594 1500000 -1953.120501
4240722.656 1500000 -1939.907992
4249511.719 1500000 -1923.275713
4258300.781 1500000 -1902.020225
4267089.844 1500000 -1874.518568
4275878.906 1500000 -1841.40278
4284667.969 1500000 -1804.450273
4293457.031 1500000 -1760.595804
4302246.094 1500000 -1703.169946
4311035.156 1500000 -1625.286549
4319824.219 1500000 -1520.053588
4328613.281 1500000 -1383.826555
4337402.344 1500000 -1218.610152
4346191.406 1500000 -1029.868912
4354980.469 1500000 -829.1932318
4363769.531 1500000 -631.772263
4372558.594 1500000 -436.3237466
4381347.656 1500000 -222.3446888
4390136.719 1500000 12.45843574
4398925.781 1500000 247.0032309
4407714.844 1500000 464.0687551
4416503.906 1500000 650.9391755
4425292.969 1500000 873.1368488
4434082.031 1500000 1232.857018
4442871.094 1500000 1716.087632
4451660.156 1500000 2311.36331
4460449.219 1500000 2804.7675
4469238.281 1500000 3108.224755
4478027.344 1500000 3649.14762
4486816.406 1500000 3595.156379
4495605.469 1500000 2013.677195
