# x y surface topography
2929.6875 2890000 2270.489141
8789.0625 2890000 2249.671583
14648.4375 2890000 2226.829899
20507.8125 2890000 2200.377824
26367.1875 2890000 2164.99742
32226.5625 2890000 2124.246387
38085.9375 2890000 2089.151194
43945.3125 2890000 2067.082159
49804.6875 2890000 2056.297846
55664.0625 2890000 2050.440879
61523.4375 2890000 2044.402261
67382.8125 2890000 2036.060563
73242.1875 2890000 2025.225007
79101.5625 2890000 2012.402402
84960.9375 2890000 1998.218414
90820.3125 2890000 1983.300792
96679.6875 2890000 1968.228185
102539.0625 2890000 1953.370634
108398.4375 2890000 1938.748156
114257.8125 2890000 1924.152981
120117.1875 2890000 1909.417894
125976.5625 2890000 1894.578356
131835.9375 2890000 1879.878265
137695.3125 2890000 1865.703141
143554.6875 2890000 1852.468248
149414.0625 2890000 1840.484263
155273.4375 2890000 1829.853095
161132.8125 2890000 1820.462206
166992.1875 2890000 1812.060469
172851.5625 2890000 1804.357902
178710.9375 2890000 1797.097622
184570.3125 2890000 1790.084352
190429.6875 2890000 1783.172654
196289.0625 2890000 1776.244115
202148.4375 2890000 1769.214875
208007.8125 2890000 1762.045482
213867.1875 2890000 1754.738944
219726.5625 2890000 1747.328026
225585.9375 2890000 1739.859348
231445.3125 2890000 1732.377736
237304.6875 2890000 1724.910825
243164.0625 2890000 1717.466997
249023.4375 2890000 1710.040007
254882.8125 2890000 1702.623846
260742.1875 2890000 1695.219615
266601.5625 2890000 1687.829915
272460.9375 2890000 1680.460835
278320.3125 2890000 1673.129257
284179.6875 2890000 1665.860537
290039.0625 2890000 1658.676975
295898.4375 2890000 1651.591716
301757.8125 2890000 1644.608384
307617.1875 2890000 1637.724526
313476.5625 2890000 1630.933935
319335.9375 2890000 1624.231262
325195.3125 2890000 1617.614031
331054.6875 2890000 1611.081549
336914.0625 2890000 1604.636854
342773.4375 2890000 1598.286428
348632.8125 2890000 1592.033816
354492.1875 2890000 1585.86967
360351.5625 2890000 1579.777162
366210.9375 2890000 1573.74015
372070.3125 2890000 1567.743633
377929.6875 2890000 1561.772929
383789.0625 2890000 1555.81445
389648.4375 2890000 1549.856075
395507.8125 2890000 1543.888316
401367.1875 2890000 1537.903704
407226.5625 2890000 1531.896976
413085.9375 2890000 1525.86473
418945.3125 2890000 1519.805729
424804.6875 2890000 1513.720889
430664.0625 2890000 1507.612136
436523.4375 2890000 1501.481987
442382.8125 2890000 1495.333975
448242.1875 2890000 1489.172662
454101.5625 2890000 1483.003018
459960.9375 2890000 1476.831177
465820.3125 2890000 1470.664986
471679.6875 2890000 1464.513112
477539.0625 2890000 1458.384964
483398.4375 2890000 1452.290923
489257.8125 2890000 1446.24108
495117.1875 2890000 1440.245303
500976.5625 2890000 1434.312066
506835.9375 2890000 1428.447911
512695.3125 2890000 1422.657267
518554.6875 2890000 1416.941691
524414.0625 2890000 1411.300797
530273.4375 2890000 1405.73323
536132.8125 2890000 1400.236661
541992.1875 2890000 1394.808707
547851.5625 2890000 1389.446941
553710.9375 2890000 1384.148726
559570.3125 2890000 1378.911804
565429.6875 2890000 1373.734246
571289.0625 2890000 1368.614275
577148.4375 2890000 1363.550694
583007.8125 2890000 1358.542708
588867.1875 2890000 1353.58975
594726.5625 2890000 1348.691294
600585.9375 2890000 1343.847079
606445.3125 2890000 1339.056629
612304.6875 2890000 1334.319111
618164.0625 2890000 1329.633284
624023.4375 2890000 1324.996719
629882.8125 2890000 1320.404721
635742.1875 2890000 1315.850758
641601.5625 2890000 1311.327479
647460.9375 2890000 1306.827818
653320.3125 2890000 1302.344974
659179.6875 2890000 1297.872966
665039.0625 2890000 1293.406377
670898.4375 2890000 1288.940551
676757.8125 2890000 1284.471898
682617.1875 2890000 1279.997121
688476.5625 2890000 1275.514086
694335.9375 2890000 1271.021418
700195.3125 2890000 1266.517946
706054.6875 2890000 1262.003241
711914.0625 2890000 1257.477327
717773.4375 2890000 1252.940662
723632.8125 2890000 1248.393737
729492.1875 2890000 1243.837642
735351.5625 2890000 1239.273405
741210.9375 2890000 1234.701986
747070.3125 2890000 1230.124924
752929.6875 2890000 1225.5434
758789.0625 2890000 1220.958757
764648.4375 2890000 1216.372574
770507.8125 2890000 1211.786412
776367.1875 2890000 1207.201689
782226.5625 2890000 1202.620038
788085.9375 2890000 1198.043464
793945.3125 2890000 1193.473466
799804.6875 2890000 1188.911939
805664.0625 2890000 1184.360842
811523.4375 2890000 1179.821751
817382.8125 2890000 1175.296509
823242.1875 2890000 1170.786942
829101.5625 2890000 1166.294424
834960.9375 2890000 1161.820194
840820.3125 2890000 1157.365352
846679.6875 2890000 1152.930251
852539.0625 2890000 1148.515211
858398.4375 2890000 1144.120649
864257.8125 2890000 1139.746369
870117.1875 2890000 1135.39263
875976.5625 2890000 1131.059777
881835.9375 2890000 1126.747558
887695.3125 2890000 1122.456414
893554.6875 2890000 1118.186979
899414.0625 2890000 1113.939512
905273.4375 2890000 1109.714854
911132.8125 2890000 1105.513912
916992.1875 2890000 1101.337445
922851.5625 2890000 1097.186712
928710.9375 2890000 1093.062968
934570.3125 2890000 1088.967184
940429.6875 2890000 1084.900783
946289.0625 2890000 1080.864958
952148.4375 2890000 1076.860709
958007.8125 2890000 1072.889237
963867.1875 2890000 1068.951118
969726.5625 2890000 1065.046852
975585.9375 2890000 1061.176539
981445.3125 2890000 1057.339439
987304.6875 2890000 1053.534348
993164.0625 2890000 1049.759184
999023.4375 2890000 1046.011325
1004882.812 2890000 1042.288117
1010742.188 2890000 1038.586397
1016601.562 2890000 1034.903232
1022460.938 2890000 1031.235724
1028320.312 2890000 1027.580898
1034179.688 2890000 1023.936159
1040039.062 2890000 1020.299261
1045898.438 2890000 1016.66785
1051757.812 2890000 1013.039992
1057617.188 2890000 1009.414055
1063476.562 2890000 1005.788563
1069335.938 2890000 1002.162354
1075195.312 2890000 998.5344436
1081054.688 2890000 994.9040603
1086914.062 2890000 991.2704372
1092773.438 2890000 987.6331372
1098632.812 2890000 983.9918244
1104492.188 2890000 980.3461693
1110351.562 2890000 976.6961305
1116210.938 2890000 973.0415354
1122070.312 2890000 969.3823035
1127929.688 2890000 965.7186752
1133789.062 2890000 962.050794
1139648.438 2890000 958.3788105
1145507.812 2890000 954.7030545
1151367.188 2890000 951.0237558
1157226.562 2890000 947.3412774
1163085.938 2890000 943.6560326
1168945.312 2890000 939.9683384
1174804.688 2890000 936.2786675
1180664.062 2890000 932.5876149
1186523.438 2890000 928.8956288
1192382.812 2890000 925.2032166
1198242.188 2890000 921.511062
1204101.562 2890000 917.8197443
1209960.938 2890000 914.1298992
1215820.312 2890000 910.442109
1221679.688 2890000 906.7568533
1227539.062 2890000 903.074724
1233398.438 2890000 899.3962668
1239257.812 2890000 895.7216535
1245117.188 2890000 892.0511544
1250976.562 2890000 888.3849617
1256835.938 2890000 884.7228845
1262695.312 2890000 881.0649965
1268554.688 2890000 877.4112378
1274414.062 2890000 873.7614745
1280273.438 2890000 870.1157497
1286132.812 2890000 866.4741015
1291992.188 2890000 862.8366377
1297851.562 2890000 859.2036709
1303710.938 2890000 855.5756336
1309570.312 2890000 851.9529743
1315429.688 2890000 848.3363079
1321289.062 2890000 844.7266325
1327148.438 2890000 841.1247712
1333007.812 2890000 837.5318395
1338867.188 2890000 833.9491629
1344726.562 2890000 830.3779623
1350585.938 2890000 826.8197251
1356445.312 2890000 823.2760638
1362304.688 2890000 819.7484752
1368164.062 2890000 816.2386375
1374023.438 2890000 812.7482198
1379882.812 2890000 809.2788449
1385742.188 2890000 805.8320768
1391601.562 2890000 802.4093616
1397460.938 2890000 799.0119621
1403320.312 2890000 795.6410882
1409179.688 2890000 792.2976543
1415039.062 2890000 788.9819601
1420898.438 2890000 785.6941293
1426757.812 2890000 782.4340529
1432617.188 2890000 779.2009424
1438476.562 2890000 775.9935786
1444335.938 2890000 772.8109208
1450195.312 2890000 769.6516027
1456054.688 2890000 766.5136952
1461914.062 2890000 763.395809
1467773.438 2890000 760.2961228
1473632.812 2890000 757.2125903
1479492.188 2890000 754.1435087
1485351.562 2890000 751.0868692
1491210.938 2890000 748.0408719
1497070.312 2890000 745.0036364
1502929.688 2890000 741.9732346
1508789.062 2890000 738.9478465
1514648.438 2890000 735.9254927
1520507.812 2890000 732.9046483
1526367.188 2890000 729.8833874
1532226.562 2890000 726.8599703
1538085.938 2890000 723.832753
1543945.312 2890000 720.8000943
1549804.688 2890000 717.760272
1555664.062 2890000 714.7116711
1561523.438 2890000 711.6529421
1567382.812 2890000 708.5823767
1573242.188 2890000 705.4985765
1579101.562 2890000 702.4003409
1584960.938 2890000 699.2860593
1590820.312 2890000 696.1548246
1596679.688 2890000 693.0054853
1602539.062 2890000 689.8368191
1608398.438 2890000 686.648117
1614257.812 2890000 683.4386076
1620117.188 2890000 680.2076402
1625976.562 2890000 676.9546641
1631835.938 2890000 673.6793625
1637695.312 2890000 670.3815733
1643554.688 2890000 667.0611897
1649414.062 2890000 663.7184536
1655273.438 2890000 660.3537251
1661132.812 2890000 656.9673742
1666992.188 2890000 653.5602918
1672851.562 2890000 650.1333635
1678710.938 2890000 646.6875637
1684570.312 2890000 643.2241958
1690429.688 2890000 639.744924
1696289.062 2890000 636.2513254
1702148.438 2890000 632.7450216
1708007.812 2890000 629.2281579
1713867.188 2890000 625.7027724
1719726.562 2890000 622.1709543
1725585.938 2890000 618.6351054
1731445.312 2890000 615.0975114
1737304.688 2890000 611.5604219
1743164.062 2890000 608.0264702
1749023.438 2890000 604.4980924
1754882.812 2890000 600.9776446
1760742.188 2890000 597.4679919
1766601.562 2890000 593.9716391
1772460.938 2890000 590.4911236
1778320.312 2890000 587.0293095
1784179.688 2890000 583.5887565
1790039.062 2890000 580.1721207
1795898.438 2890000 576.7821154
1801757.812 2890000 573.4212146
1807617.188 2890000 570.0917965
1813476.562 2890000 566.7964561
1819335.938 2890000 563.5372925
1825195.312 2890000 560.3162159
1831054.688 2890000 557.1353882
1836914.062 2890000 553.9963374
1842773.438 2890000 550.9003901
1848632.812 2890000 547.8488748
1854492.188 2890000 544.8425964
1860351.562 2890000 541.8819958
1866210.938 2890000 538.9675272
1872070.312 2890000 536.0989447
1877929.688 2890000 533.2756309
1883789.062 2890000 530.4969182
1889648.438 2890000 527.7615287
1895507.812 2890000 525.067669
1901367.188 2890000 522.4134338
1907226.562 2890000 519.796317
1913085.938 2890000 517.2133792
1918945.312 2890000 514.6613606
1924804.688 2890000 512.136525
1930664.062 2890000 509.6346584
1936523.438 2890000 507.1513171
1942382.812 2890000 504.6814918
1948242.188 2890000 502.2198728
1954101.562 2890000 499.7610094
1959960.938 2890000 497.29928
1965820.312 2890000 494.828877
1971679.688 2890000 492.3438966
1977539.062 2890000 489.8386618
1983398.438 2890000 487.3074508
1989257.812 2890000 484.7446494
1995117.188 2890000 482.1449894
2000976.562 2890000 479.5033319
2006835.938 2890000 476.8149051
2012695.312 2890000 474.0753112
2018554.688 2890000 471.2804805
2024414.062 2890000 468.4267794
2030273.438 2890000 465.5112313
2036132.812 2890000 462.5312669
2041992.188 2890000 459.484446
2047851.562 2890000 456.369423
2053710.938 2890000 453.1853135
2059570.312 2890000 449.9313578
2065429.688 2890000 446.6078113
2071289.062 2890000 443.2153284
2077148.438 2890000 439.7548192
2083007.812 2890000 436.2283128
2088867.188 2890000 432.6379991
2094726.562 2890000 428.986502
2100585.938 2890000 425.2772141
2106445.312 2890000 421.5139748
2112304.688 2890000 417.7004831
2118164.062 2890000 413.8416164
2124023.438 2890000 409.942244
2129882.812 2890000 406.0070435
2135742.188 2890000 402.0421908
2141601.562 2890000 398.0531952
2147460.938 2890000 394.0454199
2153320.312 2890000 390.0255802
2159179.688 2890000 385.9997641
2165039.062 2890000 381.9738678
2170898.438 2890000 377.954448
2176757.812 2890000 373.9478865
2182617.188 2890000 369.9603032
2188476.562 2890000 365.9979946
2194335.938 2890000 362.0670455
2200195.312 2890000 358.1733619
2206054.688 2890000 354.3229202
2211914.062 2890000 350.5212993
2217773.438 2890000 346.7737918
2223632.812 2890000 343.0857771
2229492.188 2890000 339.4620964
2235351.562 2890000 335.9073495
2241210.938 2890000 332.4258812
2247070.312 2890000 329.0216939
2252929.688 2890000 325.6980971
2258789.062 2890000 322.4583205
2264648.438 2890000 319.3050436
2270507.812 2890000 316.2405479
2276367.188 2890000 313.2665912
2282226.562 2890000 310.3840615
2288085.938 2890000 307.5935903
2293945.312 2890000 304.895198
2299804.688 2890000 302.2881978
2305664.062 2890000 299.7712306
2311523.438 2890000 297.3422638
2317382.812 2890000 294.9986775
2323242.188 2890000 292.7374104
2329101.562 2890000 290.554323
2334960.938 2890000 288.4448053
2340820.312 2890000 286.4038807
2346679.688 2890000 284.425523
2352539.062 2890000 282.5035415
2358398.438 2890000 280.6309282
2364257.812 2890000 278.8000766
2370117.188 2890000 277.0029956
2375976.562 2890000 275.2313725
2381835.938 2890000 273.4759205
2387695.312 2890000 271.7271562
2393554.688 2890000 269.9756705
2399414.062 2890000 268.2112547
2405273.438 2890000 266.4236598
2411132.812 2890000 264.6026024
2416992.188 2890000 262.7374576
2422851.562 2890000 260.8177486
2428710.938 2890000 258.8332893
2434570.312 2890000 256.7736925
2440429.688 2890000 254.628898
2446289.062 2890000 252.3892634
2452148.438 2890000 250.0456093
2458007.812 2890000 247.5891332
2463867.188 2890000 245.0112624
2469726.562 2890000 242.3048322
2475585.938 2890000 239.4626611
2481445.312 2890000 236.4786765
2487304.688 2890000 233.3479509
2493164.062 2890000 230.0657426
2499023.438 2890000 226.629012
2504882.812 2890000 223.0355263
2510742.188 2890000 219.2834206
2516601.562 2890000 215.3725685
2522460.938 2890000 211.3038193
2528320.312 2890000 207.0791392
2534179.688 2890000 202.7011039
2540039.062 2890000 198.1738918
2545898.438 2890000 193.5030896
2551757.812 2890000 188.6946908
2557617.188 2890000 183.7563507
2563476.562 2890000 178.6964749
2569335.938 2890000 173.5247335
2575195.312 2890000 168.2521754
2581054.688 2890000 162.8901668
2586914.062 2890000 157.4513258
2592773.438 2890000 151.949684
2598632.812 2890000 146.3995568
2604492.188 2890000 140.8166459
2610351.562 2890000 135.2172581
2616210.938 2890000 129.6185927
2622070.312 2890000 124.0385097
2627929.688 2890000 118.4955695
2633789.062 2890000 113.009028
2639648.438 2890000 107.5975974
2645507.812 2890000 102.2802167
2651367.188 2890000 97.07669358
2657226.562 2890000 92.00519503
2663085.938 2890000 87.0835803
2668945.312 2890000 82.33021198
2674804.688 2890000 77.76125749
2680664.062 2890000 73.39239365
2686523.438 2890000 69.23849729
2692382.812 2890000 65.31205152
2698242.188 2890000 61.62492785
2704101.562 2890000 58.18677258
2709960.938 2890000 55.00555607
2715820.312 2890000 52.08684416
2721679.688 2890000 49.43462659
2727539.062 2890000 47.05054191
2733398.438 2890000 44.93298746
2739257.812 2890000 43.07954774
2745117.188 2890000 41.48424141
2750976.562 2890000 40.13831416
2756835.938 2890000 39.03237724
2762695.312 2890000 38.15253776
2768554.688 2890000 37.48393349
2774414.062 2890000 37.00860845
2780273.438 2890000 36.70641784
2786132.812 2890000 36.55548993
2791992.188 2890000 36.53165456
2797851.562 2890000 36.60969487
2803710.938 2890000 36.76178671
2809570.312 2890000 36.95980082
2815429.688 2890000 37.17427416
2821289.062 2890000 37.374252
2827148.438 2890000 37.52935422
2833007.812 2890000 37.60847159
2838867.188 2890000 37.5811458
2844726.562 2890000 37.41640325
2850585.938 2890000 37.08428017
2856445.312 2890000 36.55664874
2862304.688 2890000 35.80588746
2868164.062 2890000 34.8065144
2874023.438 2890000 33.53517711
2879882.812 2890000 31.97004856
2885742.188 2890000 30.09274109
2891601.562 2890000 27.88725612
2897460.938 2890000 25.33998953
2903320.312 2890000 22.4420317
2909179.688 2890000 19.18614281
2915039.062 2890000 15.56922621
2920898.438 2890000 11.59130164
2926757.812 2890000 7.256058966
2932617.188 2890000 2.57069322
2938476.562 2890000 -2.454913556
2944335.938 2890000 -7.806052475
2950195.312 2890000 -13.46688174
2956054.688 2890000 -19.41723097
2961914.062 2890000 -25.63404599
2967773.438 2890000 -32.09337063
2973632.812 2890000 -38.76676413
2979492.188 2890000 -45.62630965
2985351.562 2890000 -52.64057115
2991210.938 2890000 -59.77734218
2997070.312 2890000 -67.00446947
3002929.688 2890000 -74.28812468
3008789.062 2890000 -81.59535499
3014648.438 2890000 -88.89222511
3020507.812 2890000 -96.14654895
3026367.188 2890000 -103.3267744
3032226.562 2890000 -110.4019478
3038085.938 2890000 -117.3436772
3043945.312 2890000 -124.1246514
3049804.688 2890000 -130.7208562
3055664.062 2890000 -137.109232
3061523.438 2890000 -143.2688068
3067382.812 2890000 -149.1831218
3073242.188 2890000 -154.8375327
3079101.562 2890000 -160.2198748
3084960.938 2890000 -165.3212552
3090820.312 2890000 -170.1355041
3096679.688 2890000 -174.6588901
3102539.062 2890000 -178.8907139
3108398.438 2890000 -182.832679
3114257.812 2890000 -186.4892517
3120117.188 2890000 -189.8670016
3125976.562 2890000 -192.9743055
3131835.938 2890000 -195.8215813
3137695.312 2890000 -198.4210097
3143554.688 2890000 -200.7865309
3149414.062 2890000 -202.932265
3155273.438 2890000 -204.8746412
3161132.812 2890000 -206.6301126
3166992.188 2890000 -208.2158397
3172851.562 2890000 -209.6497085
3178710.938 2890000 -210.9492025
3184570.312 2890000 -212.132845
3190429.688 2890000 -213.2178144
3196289.062 2890000 -214.2221146
3202148.438 2890000 -215.1632829
3208007.812 2890000 -216.0581066
3213867.188 2890000 -216.9233902
3219726.562 2890000 -217.7746272
3225585.938 2890000 -218.6272891
3231445.312 2890000 -219.4962175
3237304.688 2890000 -220.3950961
3243164.062 2890000 -221.3372287
3249023.438 2890000 -222.335578
3254882.812 2890000 -223.4019258
3260742.188 2890000 -224.547448
3266601.562 2890000 -225.7830131
3272460.938 2890000 -227.1189773
3278320.312 2890000 -228.5648802
3284179.688 2890000 -230.1298491
3290039.062 2890000 -231.8224312
3295898.438 2890000 -233.6509334
3301757.812 2890000 -235.6232273
3307617.188 2890000 -237.7468663
3313476.562 2890000 -240.028542
3319335.938 2890000 -242.4744228
3325195.312 2890000 -245.0906338
3331054.688 2890000 -247.8821094
3336914.062 2890000 -250.8536484
3342773.438 2890000 -254.0096463
3348632.812 2890000 -257.3531469
3354492.188 2890000 -260.8864208
3360351.562 2890000 -264.6113643
3366210.938 2890000 -268.5283757
3372070.312 2890000 -272.6370456
3377929.688 2890000 -276.9357338
3383789.062 2890000 -281.4213111
3389648.438 2890000 -286.0900473
3395507.812 2890000 -290.9363005
3401367.188 2890000 -295.9528687
3407226.562 2890000 -301.1316976
3413085.938 2890000 -306.4630209
3418945.312 2890000 -311.9354369
3424804.688 2890000 -317.5366559
3430664.062 2890000 -323.2529235
3436523.438 2890000 -329.0683728
3442382.812 2890000 -334.9671856
3448242.188 2890000 -340.9319846
3454101.562 2890000 -346.9443657
3459960.938 2890000 -352.9855149
3465820.312 2890000 -359.0351991
3471679.688 2890000 -365.0739886
3477539.062 2890000 -371.0812634
3483398.438 2890000 -377.0366019
3489257.812 2890000 -382.9203772
3495117.188 2890000 -388.7126618
3500976.562 2890000 -394.3947377
3506835.938 2890000 -399.948644
3512695.312 2890000 -405.35704
3518554.688 2890000 -410.6044883
3524414.062 2890000 -415.6770168
3530273.438 2890000 -420.5617246
3536132.812 2890000 -425.2478462
3541992.188 2890000 -429.726764
3547851.562 2890000 -433.9913853
3553710.938 2890000 -438.0369695
3559570.312 2890000 -441.8610462
3565429.688 2890000 -445.4628061
3571289.062 2890000 -448.8439784
3577148.438 2890000 -452.0083397
3583007.812 2890000 -454.9612062
3588867.188 2890000 -457.7101331
3594726.562 2890000 -460.2645007
3600585.938 2890000 -462.6349806
3606445.312 2890000 -464.8334732
3612304.688 2890000 -466.8737192
3618164.062 2890000 -468.769919
3624023.438 2890000 -470.5370741
3629882.812 2890000 -472.1913488
3635742.188 2890000 -473.7486678
3641601.562 2890000 -475.2249997
3647460.938 2890000 -476.6366621
3653320.312 2890000 -477.9994234
3659179.688 2890000 -479.3284095
3665039.062 2890000 -480.6384897
3670898.438 2890000 -481.9434512
3676757.812 2890000 -483.2559436
3682617.188 2890000 -484.5879348
3688476.562 2890000 -485.9495545
3694335.938 2890000 -487.3503159
3700195.312 2890000 -488.7983564
3706054.688 2890000 -490.300049
3711914.062 2890000 -491.8610267
3717773.438 2890000 -493.4853114
3723632.812 2890000 -495.175958
3729492.188 2890000 -496.9349755
3735351.562 2890000 -498.7633965
3741210.938 2890000 -500.661475
3747070.312 2890000 -502.6287871
3752929.688 2890000 -504.6642673
3758789.062 2890000 -506.7665716
3764648.438 2890000 -508.9346582
3770507.812 2890000 -511.1669942
3776367.188 2890000 -513.4624151
3782226.562 2890000 -515.8202149
3788085.938 2890000 -518.2397715
3793945.312 2890000 -520.721772
3799804.688 2890000 -523.2672428
3805664.062 2890000 -525.8781892
3811523.438 2890000 -528.5578565
3817382.812 2890000 -531.3102299
3823242.188 2890000 -534.1404961
3829101.562 2890000 -537.0550261
3834960.938 2890000 -540.0614849
3840820.312 2890000 -543.1683351
3846679.688 2890000 -546.3854859
3852539.062 2890000 -549.7235098
3858398.438 2890000 -553.1937127
3864257.812 2890000 -556.8090185
3870117.188 2890000 -560.5823353
3875976.562 2890000 -564.5274323
3881835.938 2890000 -568.6585727
3887695.312 2890000 -572.9899932
3893554.688 2890000 -577.5359015
3899414.062 2890000 -582.3104118
3905273.438 2890000 -587.3274365
3911132.812 2890000 -592.6001855
3916992.188 2890000 -598.1412003
3922851.562 2890000 -603.9619059
3928710.938 2890000 -610.0723387
3934570.312 2890000 -616.481411
3940429.688 2890000 -623.1962883
3946289.062 2890000 -630.2221729
3952148.438 2890000 -637.5623938
3958007.812 2890000 -645.2179464
3963867.188 2890000 -653.1867861
3969726.562 2890000 -661.464492
3975585.938 2890000 -670.0435492
3981445.312 2890000 -678.9129962
3987304.688 2890000 -688.0590463
3993164.062 2890000 -697.4645038
3999023.438 2890000 -707.1084536
4004882.812 2890000 -716.9666656
4010742.188 2890000 -727.0115672
4016601.562 2890000 -737.2117386
4022460.938 2890000 -747.532322
4028320.312 2890000 -757.9353908
4034179.688 2890000 -768.3791828
4040039.062 2890000 -778.8195724
4045898.438 2890000 -789.2084044
4051757.812 2890000 -799.4950576
4057617.188 2890000 -809.6262849
4063476.562 2890000 -819.5463502
4069335.938 2890000 -829.1976866
4075195.312 2890000 -838.5197693
4081054.688 2890000 -847.4520864
4086914.062 2890000 -855.9319508
4092773.438 2890000 -863.8956991
4098632.812 2890000 -871.2801622
4104492.188 2890000 -878.0212693
4110351.562 2890000 -884.0562586
4116210.938 2890000 -889.3223996
4122070.312 2890000 -893.759081
4127929.688 2890000 -897.306941
4133789.062 2890000 -899.9091615
4139648.438 2890000 -901.5126932
4145507.812 2890000 -902.0653306
4151367.188 2890000 -901.5210119
4157226.562 2890000 -899.8369542
4163085.938 2890000 -896.9740799
4168945.312 2890000 -892.8995478
4174804.688 2890000 -887.5849073
4180664.062 2890000 -881.0076456
4186523.438 2890000 -873.151443
4192382.812 2890000 -864.00574
4198242.188 2890000 -853.566475
4204101.562 2890000 -841.8364095
4209960.938 2890000 -828.8254017
4215820.312 2890000 -814.5490027
4221679.688 2890000 -799.0302254
4227539.062 2890000 -782.2992921
4233398.438 2890000 -764.3923842
4239257.812 2890000 -745.3527261
4245117.188 2890000 -725.2294562
4250976.562 2890000 -704.0777585
4256835.938 2890000 -681.9604457
4262695.312 2890000 -658.9432884
4268554.688 2890000 -635.099098
4274414.062 2890000 -610.5062249
4280273.438 2890000 -585.2449229
4286132.812 2890000 -559.4034544
4291992.188 2890000 -533.0700512
4297851.562 2890000 -506.338947
4303710.938 2890000 -479.3081465
4309570.312 2890000 -452.0766389
4315429.688 2890000 -424.746759
4321289.062 2890000 -397.4246898
4327148.438 2890000 -370.2196701
4333007.812 2890000 -343.2404089
4338867.188 2890000 -316.6028793
4344726.562 2890000 -290.4249384
4350585.938 2890000 -264.824239
4356445.312 2890000 -239.9318693
4362304.688 2890000 -215.8749467
4368164.062 2890000 -192.7906967
4374023.438 2890000 -170.8261938
4379882.812 2890000 -150.133795
4385742.188 2890000 -130.8785421
4391601.562 2890000 -113.2377179
4397460.938 2890000 -97.40032336
4403320.312 2890000 -83.57430633
4409179.688 2890000 -71.98717822
4415039.062 2890000 -62.8839432
4420898.438 2890000 -56.53576113
4426757.812 2890000 -53.23984194
4432617.188 2890000 -53.32114619
4438476.562 2890000 -57.13513489
4444335.938 2890000 -65.07112416
4450195.312 2890000 -77.55157765
4456054.688 2890000 -95.03995747
4461914.062 2890000 -118.0343924
4467773.438 2890000 -147.0683646
4473632.812 2890000 -182.7175847
4479492.188 2890000 -225.5922852
4485351.562 2890000 -276.3357113
4491210.938 2890000 -335.6248272
4497070.312 2890000 -404.1553436
4502929.688 2890000 -482.6512053
4508789.062 2890000 -571.8421332
4514648.438 2890000 -672.458163
4520507.812 2890000 -785.2260132
4526367.188 2890000 -910.8460923
4532226.562 2890000 -1049.980465
4538085.938 2890000 -1203.246022
4543945.312 2890000 -1371.189323
4549804.688 2890000 -1554.265784
4555664.062 2890000 -1752.841648
4561523.438 2890000 -1967.153102
4567382.812 2890000 -2197.304728
4573242.188 2890000 -2443.251171
4579101.562 2890000 -2704.786852
4584960.938 2890000 -2981.52358
4590820.312 2890000 -3272.90027
4596679.688 2890000 -3578.160199
4602539.062 2890000 -3896.3594
4608398.438 2890000 -4226.355753
4614257.812 2890000 -4566.819727
4620117.188 2890000 -4916.225367
4625976.562 2890000 -5272.866713
4631835.938 2890000 -5634.852929
4637695.312 2890000 -6000.11494
4643554.688 2890000 -6366.401769
4649414.062 2890000 -6731.298849
4655273.438 2890000 -7092.22038
4661132.812 2890000 -7446.419093
4666992.188 2890000 -7791.011675
4672851.562 2890000 -8122.970245
4678710.938 2890000 -8439.164143
4684570.312 2890000 -8736.379033
4690429.688 2890000 -9011.34629
4696289.062 2890000 -9260.782619
4702148.438 2890000 -9481.425871
4708007.812 2890000 -9670.06659
4713867.188 2890000 -9823.563553
4719726.562 2890000 -9938.866139
4725585.938 2890000 -10013.02271
4731445.312 2890000 -10043.15806
4737304.688 2890000 -10026.47714
4743164.062 2890000 -9960.266849
4749023.438 2890000 -9841.887432
4754882.812 2890000 -9668.7904
4760742.188 2890000 -9438.584117
4766601.562 2890000 -9149.021853
4772460.938 2890000 -8798.107316
4778320.312 2890000 -8384.106645
4784179.688 2890000 -7905.543423
4790039.062 2890000 -7361.247544
4795898.438 2890000 -6750.300923
4801757.812 2890000 -6072.117864
4807617.188 2890000 -5326.493444
4813476.562 2890000 -4513.60545
4819335.938 2890000 -3634.15928
4825195.312 2890000 -2689.691084
4831054.688 2890000 -1682.617119
4836914.062 2890000 -616.1190131
4842773.438 2890000 506.0071816
4848632.812 2890000 1679.190407
4854492.188 2890000 2896.760251
4860351.562 2890000 4149.662092
4866210.938 2890000 5426.720672
4872070.312 2890000 6717.224134
4877929.688 2890000 8046.938765
4883789.062 2890000 9549.678757
4889648.438 2890000 10881.84887
4895507.812 2890000 11349.48182
4901367.188 2890000 10935.52058
4907226.562 2890000 9983.186596
4913085.938 2890000 8913.073671
4918945.312 2890000 7815.904701
4924804.688 2890000 6637.191087
4930664.062 2890000 5366.447649
4936523.438 2890000 3999.507377
4942382.812 2890000 2472.990651
4948242.188 2890000 674.2800408
4954101.562 2890000 -1262.094331
4959960.938 2890000 -3209.0822
4965820.312 2890000 -5225.004659
4971679.688 2890000 -7501.42678
4977539.062 2890000 -10021.65787
4983398.438 2890000 -12592.95338
4989257.812 2890000 -15099.13326
4995117.188 2890000 -17569.11682
5000976.562 2890000 -21302.40928
5006835.938 2890000 -23393.10045
5012695.312 2890000 -24001.89557
5018554.688 2890000 -24149.83723
5024414.062 2890000 -23884.40662
5030273.438 2890000 -23245.11047
5036132.812 2890000 -22292.7801
5041992.188 2890000 -21080.48439
5047851.562 2890000 -19658.22707
5053710.938 2890000 -18071.75775
5059570.312 2890000 -16363.01231
5065429.688 2890000 -14569.9686
5071289.062 2890000 -12726.70295
5077148.438 2890000 -10863.56347
5083007.812 2890000 -9007.436493
5088867.188 2890000 -7181.975091
5094726.562 2890000 -5407.789923
5100585.938 2890000 -3702.585348
5106445.312 2890000 -2081.275584
5112304.688 2890000 -556.0906901
5118164.062 2890000 863.256796
5124023.438 2890000 2169.385914
5129882.812 2890000 3357.074527
5135742.188 2890000 4423.049893
5141601.562 2890000 5365.788813
5147460.938 2890000 6185.357662
5153320.312 2890000 6883.213711
5159179.688 2890000 7462.06924
5165039.062 2890000 7925.730902
5170898.438 2890000 8278.937119
5176757.812 2890000 8527.231272
5182617.188 2890000 8676.816127
5188476.562 2890000 8734.424267
5194335.938 2890000 8707.191477
5200195.312 2890000 8602.53705
5206054.688 2890000 8428.05683
5211914.062 2890000 8191.421696
5217773.438 2890000 7900.2844
5223632.812 2890000 7562.198423
5229492.188 2890000 7184.536292
5235351.562 2890000 6774.430494
5241210.938 2890000 6338.71016
5247070.312 2890000 5883.850439
5252929.688 2890000 5415.937084
5258789.062 2890000 4940.625905
5264648.438 2890000 4463.117252
5270507.812 2890000 3988.134912
5276367.188 2890000 3519.920301
5282226.562 2890000 3062.223614
5288085.938 2890000 2618.305074
5293945.312 2890000 2190.949073
5299804.688 2890000 1782.475105
5305664.062 2890000 1394.75607
5311523.438 2890000 1029.248319
5317382.812 2890000 687.0152834
5323242.188 2890000 368.7577322
5329101.562 2890000 74.85090563
5334960.938 2890000 -194.6312689
5340820.312 2890000 -439.8711463
5346679.688 2890000 -661.2826152
5352539.062 2890000 -859.4723358
5358398.438 2890000 -1035.214103
5364257.812 2890000 -1189.414884
5370117.188 2890000 -1323.08656
5375976.562 2890000 -1437.324237
5381835.938 2890000 -1533.280528
5387695.312 2890000 -1612.143925
5393554.688 2890000 -1675.122414
5399414.062 2890000 -1723.429125
5405273.438 2890000 -1758.266939
5411132.812 2890000 -1780.816484
5416992.188 2890000 -1792.22614
5422851.562 2890000 -1793.607941
5428710.938 2890000 -1786.03057
5434570.312 2890000 -1770.510783
5440429.688 2890000 -1748.010264
5446289.062 2890000 -1719.439081
5452148.438 2890000 -1685.651688
5458007.812 2890000 -1647.445141
5463867.188 2890000 -1605.553781
5469726.562 2890000 -1560.659397
5475585.938 2890000 -1513.390764
5481445.312 2890000 -1464.321586
5487304.688 2890000 -1413.972478
5493164.062 2890000 -1362.818441
5499023.438 2890000 -1311.288725
5504882.812 2890000 -1259.767348
5510742.188 2890000 -1208.595555
5516601.562 2890000 -1158.076003
5522460.938 2890000 -1108.475704
5528320.312 2890000 -1060.027984
5534179.688 2890000 -1012.931752
5540039.062 2890000 -967.3584262
5545898.438 2890000 -923.4528074
5551757.812 2890000 -881.3344308
5557617.188 2890000 -841.1004583
5563476.562 2890000 -802.8298996
5569335.938 2890000 -766.582064
5575195.312 2890000 -732.3992355
5581054.688 2890000 -700.3087086
5586914.062 2890000 -670.3237943
5592773.438 2890000 -642.4469837
5598632.812 2890000 -616.6665111
5604492.188 2890000 -592.9631277
5610351.562 2890000 -571.3077146
5616210.938 2890000 -551.6627552
5622070.312 2890000 -533.9848643
5627929.688 2890000 -518.2238281
5633789.062 2890000 -504.3254145
5639648.438 2890000 -492.228727
5645507.812 2890000 -481.86979
5651367.188 2890000 -473.1812258
5657226.562 2890000 -466.0903716
5663085.938 2890000 -460.5255163
5668945.312 2890000 -456.4086161
5674804.688 2890000 -453.6599014
5680664.062 2890000 -452.2007485
5686523.438 2890000 -451.9496147
5692382.812 2890000 -452.8224041
5698242.188 2890000 -454.7363564
5704101.562 2890000 -457.6080889
5709960.938 2890000 -461.3524955
5715820.312 2890000 -465.8871551
5721679.688 2890000 -471.1280578
5727539.062 2890000 -476.9918863
5733398.438 2890000 -483.3981955
5739257.812 2890000 -490.2646096
5745117.188 2890000 -497.5109873
5750976.562 2890000 -505.0612273
5756835.938 2890000 -512.8374673
5762695.312 2890000 -520.7655401
5768554.688 2890000 -528.7746732
5774414.062 2890000 -536.7948291
5780273.438 2890000 -544.7611021
5786132.812 2890000 -552.6112776
5791992.188 2890000 -560.2844517
5797851.562 2890000 -567.7258547
5803710.938 2890000 -574.8842611
5809570.312 2890000 -581.7099241
5815429.688 2890000 -588.1600284
5821289.062 2890000 -594.1953467
5827148.438 2890000 -599.7788545
5833007.812 2890000 -604.8799718
5838867.188 2890000 -609.4716152
5844726.562 2890000 -613.5307697
5850585.938 2890000 -617.040826
5856445.312 2890000 -619.986769
5862304.688 2890000 -622.3576438
5868164.062 2890000 -624.1495503
5874023.438 2890000 -625.3612671
5879882.812 2890000 -625.9933655
5885742.188 2890000 -626.0536963
5891601.562 2890000 -625.5519194
5897460.938 2890000 -624.5004265
5903320.312 2890000 -622.9150574
5909179.688 2890000 -620.8144371
5915039.062 2890000 -618.2201298
5920898.438 2890000 -615.1560507
5926757.812 2890000 -611.6471133
5932617.188 2890000 -607.7198469
5938476.562 2890000 -603.4044742
5944335.938 2890000 -598.7327617
5950195.312 2890000 -593.7338847
5956054.688 2890000 -588.4405528
5961914.062 2890000 -582.886404
5967773.438 2890000 -577.1042664
5973632.812 2890000 -571.126397
5979492.188 2890000 -564.9867899
5985351.562 2890000 -558.7182052
5991210.938 2890000 -552.3512273
5997070.312 2890000 -545.9186396
6002929.688 2890000 -539.4496518
6008789.062 2890000 -532.9743658
6014648.438 2890000 -526.5222291
6020507.812 2890000 -520.1187269
6026367.188 2890000 -513.7902166
6032226.562 2890000 -507.5617325
6038085.938 2890000 -501.4551466
6043945.312 2890000 -495.4911421
6049804.688 2890000 -489.6903445
6055664.062 2890000 -484.069292
6061523.438 2890000 -478.6431258
6067382.812 2890000 -473.4258866
6073242.188 2890000 -468.4283814
6079101.562 2890000 -463.6612618
6084960.938 2890000 -459.1324873
6090820.312 2890000 -454.8467266
6096679.688 2890000 -450.8092351
6102539.062 2890000 -447.0233623
6108398.438 2890000 -443.4896389
6114257.812 2890000 -440.2066415
6120117.188 2890000 -437.1722725
6125976.562 2890000 -434.3816043
6131835.938 2890000 -431.8286657
6137695.312 2890000 -429.5058223
6143554.688 2890000 -427.4037719
6149414.062 2890000 -425.5135461
6155273.438 2890000 -423.8239684
6161132.812 2890000 -422.3216923
6166992.188 2890000 -420.9944302
6172851.562 2890000 -419.8288003
6178710.938 2890000 -418.8099189
6184570.312 2890000 -417.9224227
6190429.688 2890000 -417.150453
6196289.062 2890000 -416.4773413
6202148.438 2890000 -415.8865631
6208007.812 2890000 -415.3608865
6213867.188 2890000 -414.8826582
6219726.562 2890000 -414.4364976
6225585.938 2890000 -414.0058527
6231445.312 2890000 -413.5731087
6237304.688 2890000 -413.1228615
6243164.062 2890000 -412.6404707
6249023.438 2890000 -412.1107365
6254882.812 2890000 -411.5195069
6260742.188 2890000 -410.8534471
6266601.562 2890000 -410.0997478
6272460.938 2890000 -409.2467145
6278320.312 2890000 -408.2833797
6284179.688 2890000 -407.1995037
6290039.062 2890000 -405.9877666
6295898.438 2890000 -404.6407473
6301757.812 2890000 -403.1509504
6307617.188 2890000 -401.5137947
6313476.562 2890000 -399.7263507
6319335.938 2890000 -397.7861028
6325195.312 2890000 -395.6919541
6331054.688 2890000 -393.4439278
6336914.062 2890000 -391.0426545
6342773.438 2890000 -388.490467
6348632.812 2890000 -385.7906331
6354492.188 2890000 -382.9469977
6360351.562 2890000 -379.9661052
6366210.938 2890000 -376.8544867
6372070.312 2890000 -373.6180966
6377929.688 2890000 -370.2654158
6383789.062 2890000 -366.8061793
6389648.438 2890000 -363.2498875
6395507.812 2890000 -359.6064498
6401367.188 2890000 -355.886515
6407226.562 2890000 -352.1001283
6413085.938 2890000 -348.2578718
6418945.312 2890000 -344.3707625
6424804.688 2890000 -340.4494164
6430664.062 2890000 -336.505658
6436523.438 2890000 -332.550063
6442382.812 2890000 -328.5916416
6448242.188 2890000 -324.6409909
6454101.562 2890000 -320.7084474
6459960.938 2890000 -316.8026809
6465820.312 2890000 -312.931964
6471679.688 2890000 -309.1046756
6477539.062 2890000 -305.3276786
6483398.438 2890000 -301.6073411
6489257.812 2890000 -297.9494811
6495117.188 2890000 -294.358637
6500976.562 2890000 -290.8394606
6506835.938 2890000 -287.3954173
6512695.312 2890000 -284.0279931
6518554.688 2890000 -280.7395774
6524414.062 2890000 -277.5318709
6530273.438 2890000 -274.4052743
6536132.812 2890000 -271.359894
6541992.188 2890000 -268.3947585
6547851.562 2890000 -265.5082202
6553710.938 2890000 -262.698699
6559570.312 2890000 -259.9631326
6565429.688 2890000 -257.2980499
6571289.062 2890000 -254.6996414
6577148.438 2890000 -252.1636138
6583007.812 2890000 -249.6857547
6588867.188 2890000 -247.2611997
6594726.562 2890000 -244.885511
6600585.938 2890000 -242.5530229
6606445.312 2890000 -240.2582169
6612304.688 2890000 -237.9961731
6618164.062 2890000 -235.7610429
6624023.438 2890000 -233.5454196
6629882.812 2890000 -231.3433483
6635742.188 2890000 -229.1500007
6641601.562 2890000 -226.9594572
6647460.938 2890000 -224.7655076
6653320.312 2890000 -222.5627324
6659179.688 2890000 -220.3454692
6665039.062 2890000 -218.1086668
6670898.438 2890000 -215.8479968
6676757.812 2890000 -213.559442
6682617.188 2890000 -211.238654
6688476.562 2890000 -208.8810796
6694335.938 2890000 -206.4838411
6700195.312 2890000 -204.0439415
6706054.688 2890000 -201.5578185
6711914.062 2890000 -199.0226357
6717773.438 2890000 -196.4370769
6723632.812 2890000 -193.7992045
6729492.188 2890000 -191.1074156
6735351.562 2890000 -188.36099
6741210.938 2890000 -185.5593959
6747070.312 2890000 -182.7024345
6752929.688 2890000 -179.7906543
6758789.062 2890000 -176.8254131
6764648.438 2890000 -173.8071406
6770507.812 2890000 -170.7369741
6776367.188 2890000 -167.6170554
6782226.562 2890000 -164.4490869
6788085.938 2890000 -161.2352687
6793945.312 2890000 -157.9778956
6799804.688 2890000 -154.6806582
6805664.062 2890000 -151.3469521
6811523.438 2890000 -147.9798407
6817382.812 2890000 -144.5828162
6823242.188 2890000 -141.1597253
6829101.562 2890000 -137.7142505
6834960.938 2890000 -134.2499706
6840820.312 2890000 -130.7712825
6846679.688 2890000 -127.2812421
6852539.062 2890000 -123.7837569
6858398.438 2890000 -120.282506
6864257.812 2890000 -116.7805931
6870117.188 2890000 -113.2815123
6875976.562 2890000 -109.7886639
6881835.938 2890000 -106.3049484
6887695.312 2890000 -102.8328294
6893554.688 2890000 -99.37518052
6899414.062 2890000 -95.93432028
6905273.438 2890000 -92.51132531
6911132.812 2890000 -89.10810218
6916992.188 2890000 -85.72606088
6922851.562 2890000 -82.36593052
6928710.938 2890000 -79.02821377
6934570.312 2890000 -75.71310826
6940429.688 2890000 -72.42124924
6946289.062 2890000 -69.15277014
6952148.438 2890000 -65.90745432
6958007.812 2890000 -62.6846567
6963867.188 2890000 -59.48394604
6969726.562 2890000 -56.30465824
6975585.938 2890000 -53.1453166
6981445.312 2890000 -50.00496035
6987304.688 2890000 -46.88250267
6993164.062 2890000 -43.77694253
6999023.438 2890000 -40.68661324
7004882.812 2890000 -37.60980099
7010742.188 2890000 -34.54510792
7016601.562 2890000 -31.49075009
7022460.938 2890000 -28.44539162
7028320.312 2890000 -25.40715633
7034179.688 2890000 -22.37468805
7040039.062 2890000 -19.34618695
7045898.438 2890000 -16.3196724
7051757.812 2890000 -13.2929866
7057617.188 2890000 -10.26414121
7063476.562 2890000 -7.2313068
7069335.938 2890000 -4.192139345
7075195.312 2890000 -1.144676142
7081054.688 2890000 1.913137011
7086914.062 2890000 4.983295462
7092773.438 2890000 8.067539317
7098632.812 2890000 11.16778181
7104492.188 2890000 14.28590501
7110351.562 2890000 17.42386848
7116210.938 2890000 20.58262311
7122070.312 2890000 23.76390251
7127929.688 2890000 26.96909731
7133789.062 2890000 30.19972983
7139648.438 2890000 33.45634861
7145507.812 2890000 36.73965771
7151367.188 2890000 40.05081792
7157226.562 2890000 43.39022163
7163085.938 2890000 46.75833209
7168945.312 2890000 50.15515873
7174804.688 2890000 53.58107871
7180664.062 2890000 57.03583028
7186523.438 2890000 60.51879386
7192382.812 2890000 64.0293128
7198242.188 2890000 67.56611833
7204101.562 2890000 71.12809438
7209960.938 2890000 74.71329482
7215820.312 2890000 78.32028574
7221679.688 2890000 81.94767723
7227539.062 2890000 85.59379688
7233398.438 2890000 89.25706129
7239257.812 2890000 92.9356166
7245117.188 2890000 96.62747805
7250976.562 2890000 100.3309965
7256835.938 2890000 104.0440439
7262695.312 2890000 107.7644859
7268554.688 2890000 111.4906528
7274414.062 2890000 115.2204182
7280273.438 2890000 118.9519773
7286132.812 2890000 122.6834946
7291992.188 2890000 126.4134697
7297851.562 2890000 130.1411757
7303710.938 2890000 133.8654921
7309570.312 2890000 137.5853037
7315429.688 2890000 141.3002429
7321289.062 2890000 145.0096988
7327148.438 2890000 148.7135046
7333007.812 2890000 152.4114366
7338867.188 2890000 156.1030893
7344726.562 2890000 159.7885171
7350585.938 2890000 163.467838
7356445.312 2890000 167.1408913
7362304.688 2890000 170.8080088
7368164.062 2890000 174.4698977
7374023.438 2890000 178.1271577
7379882.812 2890000 181.7805117
7385742.188 2890000 185.4308335
7391601.562 2890000 189.0789691
7397460.938 2890000 192.7255775
7403320.312 2890000 196.3710153
7409179.688 2890000 200.0159005
7415039.062 2890000 203.6608676
7420898.438 2890000 207.3068751
7426757.812 2890000 210.9545976
7432617.188 2890000 214.6047284
7438476.562 2890000 218.2581639
7444335.938 2890000 221.9156964
7450195.312 2890000 225.5783027
7456054.688 2890000 229.2473316
7461914.062 2890000 232.9234533
7467773.438 2890000 236.6075595
7473632.812 2890000 240.3000086
7479492.188 2890000 244.0011076
7485351.562 2890000 247.7113996
7491210.938 2890000 251.4313647
7497070.312 2890000 255.1617343
7502929.688 2890000 258.9032973
7508789.062 2890000 262.6568392
7514648.438 2890000 266.4232659
7520507.812 2890000 270.2031522
7526367.188 2890000 273.996889
7532226.562 2890000 277.8053395
7538085.938 2890000 281.629373
7543945.312 2890000 285.4700222
7549804.688 2890000 289.3279152
7555664.062 2890000 293.2038416
7561523.438 2890000 297.0983625
7567382.812 2890000 301.0114761
7573242.188 2890000 304.9433522
7579101.562 2890000 308.8940542
7584960.938 2890000 312.8638929
7590820.312 2890000 316.8529989
7596679.688 2890000 320.8619682
7602539.062 2890000 324.8913537
7608398.438 2890000 328.9412197
7614257.812 2890000 333.0116322
7620117.188 2890000 337.1026889
7625976.562 2890000 341.2138507
7631835.938 2890000 345.3450702
7637695.312 2890000 349.4956537
7643554.688 2890000 353.6646283
7649414.062 2890000 357.8519839
7655273.438 2890000 362.0565775
7661132.812 2890000 366.2787249
7666992.188 2890000 370.518412
7672851.562 2890000 374.77505
7678710.938 2890000 379.0481632
7684570.312 2890000 383.3360811
7690429.688 2890000 387.6378906
7696289.062 2890000 391.9519239
7702148.438 2890000 396.2769323
7708007.812 2890000 400.6116772
7713867.188 2890000 404.954524
7719726.562 2890000 409.3048305
7725585.938 2890000 413.6611683
7731445.312 2890000 418.0235861
7737304.688 2890000 422.3914691
7743164.062 2890000 426.763726
7749023.438 2890000 431.1396461
7754882.812 2890000 435.516995
7760742.188 2890000 439.8943415
7766601.562 2890000 444.2700398
7772460.938 2890000 448.6436297
7778320.312 2890000 453.0155601
7784179.688 2890000 457.3863869
7790039.062 2890000 461.7569764
7795898.438 2890000 466.1275838
7801757.812 2890000 470.4974722
7807617.188 2890000 474.8662813
7813476.562 2890000 479.2339459
7819335.938 2890000 483.6014321
7825195.312 2890000 487.9691905
7831054.688 2890000 492.3369067
7836914.062 2890000 496.7041973
7842773.438 2890000 501.0716661
7848632.812 2890000 505.4407982
7854492.188 2890000 509.8140845
7860351.562 2890000 514.1936186
7866210.938 2890000 518.581399
7872070.312 2890000 522.9781875
7877929.688 2890000 527.3840563
7883789.062 2890000 531.8000214
7889648.438 2890000 536.2276527
7895507.812 2890000 540.6686338
7901367.188 2890000 545.1238712
7907226.562 2890000 549.5928392
7913085.938 2890000 554.0745132
7918945.312 2890000 558.56902
7924804.688 2890000 563.0765685
7930664.062 2890000 567.598915
7936523.438 2890000 572.1370299
7942382.812 2890000 576.691021
7948242.188 2890000 581.260291
7954101.562 2890000 585.8440556
7959960.938 2890000 590.4427445
7965820.312 2890000 595.0563473
7971679.688 2890000 599.68457
7977539.062 2890000 604.3267115
7983398.438 2890000 608.9825282
7989257.812 2890000 613.6524802
7995117.188 2890000 618.3391101
8000976.562 2890000 623.0458506
8006835.938 2890000 627.7754142
8012695.312 2890000 632.5298194
8018554.688 2890000 637.3095116
8024414.062 2890000 642.1151936
8030273.438 2890000 646.9483723
8036132.812 2890000 651.81036
8041992.188 2890000 656.7027574
8047851.562 2890000 661.6261249
8053710.938 2890000 666.5806423
8059570.312 2890000 671.5675492
8065429.688 2890000 676.5886475
8071289.062 2890000 681.645979
8077148.438 2890000 686.740682
8083007.812 2890000 691.8723696
8088867.188 2890000 697.0395018
8094726.562 2890000 702.2399584
8100585.938 2890000 707.4720997
8106445.312 2890000 712.7339511
8112304.688 2890000 718.0228539
8118164.062 2890000 723.3355663
8124023.438 2890000 728.6677871
8129882.812 2890000 734.0160111
8135742.188 2890000 739.3765409
8141601.562 2890000 744.7461259
8147460.938 2890000 750.1218852
8153320.312 2890000 755.5003047
8159179.688 2890000 760.8782273
8165039.062 2890000 766.2522181
8170898.438 2890000 771.619677
8176757.812 2890000 776.9783815
8182617.188 2890000 782.3268819
8188476.562 2890000 787.6639766
8194335.938 2890000 792.9891906
8200195.312 2890000 798.302867
8206054.688 2890000 803.6058311
8211914.062 2890000 808.8991798
8217773.438 2890000 814.1843663
8223632.812 2890000 819.4631588
8229492.188 2890000 824.736882
8235351.562 2890000 830.0070874
8241210.938 2890000 835.2755556
8247070.312 2890000 840.5447489
8252929.688 2890000 845.8180518
8258789.062 2890000 851.0995814
8264648.438 2890000 856.3942868
8270507.812 2890000 861.7080524
8276367.188 2890000 867.0477847
8282226.562 2890000 872.4201596
8288085.938 2890000 877.8320621
8293945.312 2890000 883.290277
8299804.688 2890000 888.8013259
8305664.062 2890000 894.3713148
8311523.438 2890000 900.0062861
8317382.812 2890000 905.7116787
8323242.188 2890000 911.4918961
8329101.562 2890000 917.3508808
8334960.938 2890000 923.2909704
8340820.312 2890000 929.313695
8346679.688 2890000 935.4191775
8352539.062 2890000 941.6060915
8358398.438 2890000 947.8719482
8364257.812 2890000 954.2125827
8370117.188 2890000 960.6219778
8375976.562 2890000 967.0923435
8381835.938 2890000 973.6146028
8387695.312 2890000 980.1773084
8393554.688 2890000 986.7679792
8399414.062 2890000 993.3729299
8405273.438 2890000 999.9771025
8411132.812 2890000 1006.566254
8416992.188 2890000 1013.128181
8422851.562 2890000 1019.652851
8428710.938 2890000 1026.133209
8434570.312 2890000 1032.565069
8440429.688 2890000 1038.945
8446289.062 2890000 1045.271165
8452148.438 2890000 1051.543534
8458007.812 2890000 1057.762345
8463867.188 2890000 1063.929773
8469726.562 2890000 1070.049931
8475585.938 2890000 1076.127566
8481445.312 2890000 1082.169685
8487304.688 2890000 1088.185424
8493164.062 2890000 1094.184757
8499023.438 2890000 1100.18073
8504882.812 2890000 1106.190007
8510742.188 2890000 1112.230728
8516601.562 2890000 1118.324718
8522460.938 2890000 1124.495006
8528320.312 2890000 1130.764719
8534179.688 2890000 1137.157814
8540039.062 2890000 1143.698029
8545898.438 2890000 1150.406609
8551757.812 2890000 1157.303572
8557617.188 2890000 1164.406614
8563476.562 2890000 1171.728618
8569335.938 2890000 1179.280471
8575195.312 2890000 1187.068968
8581054.688 2890000 1195.094851
8586914.062 2890000 1203.354043
8592773.438 2890000 1211.835769
8598632.812 2890000 1220.520708
8604492.188 2890000 1229.382381
8610351.562 2890000 1238.385732
8616210.938 2890000 1247.484884
8622070.312 2890000 1256.626246
8627929.688 2890000 1265.754037
8633789.062 2890000 1274.818344
8639648.438 2890000 1283.784509
8645507.812 2890000 1292.627202
8651367.188 2890000 1301.322603
8657226.562 2890000 1309.848295
8663085.938 2890000 1318.183661
8668945.312 2890000 1326.308847
8674804.688 2890000 1334.208632
8680664.062 2890000 1341.871376
8686523.438 2890000 1349.289631
8692382.812 2890000 1356.465881
8698242.188 2890000 1363.415718
8704101.562 2890000 1370.175001
8709960.938 2890000 1376.80132
8715820.312 2890000 1383.365692
8721679.688 2890000 1389.947812
8727539.062 2890000 1396.632525
8733398.438 2890000 1403.505315
8739257.812 2890000 1410.648081
8745117.188 2890000 1418.13611
8750976.562 2890000 1426.036313
8756835.938 2890000 1434.405482
8762695.312 2890000 1443.290709
8768554.688 2890000 1452.731619
8774414.062 2890000 1462.760804
8780273.438 2890000 1473.404209
8786132.812 2890000 1484.661831
8791992.188 2890000 1496.476195
8797851.562 2890000 1508.785701
8803710.938 2890000 1521.628308
8809570.312 2890000 1535.126017
8815429.688 2890000 1549.424642
8821289.062 2890000 1564.719975
8827148.438 2890000 1581.297903
8833007.812 2890000 1599.57073
8838867.188 2890000 1620.095924
8844726.562 2890000 1643.607478
8850585.938 2890000 1671.175856
8856445.312 2890000 1704.347255
8862304.688 2890000 1745.01584
8868164.062 2890000 1795.158113
8874023.438 2890000 1856.482431
8879882.812 2890000 1929.872496
8885742.188 2890000 2014.708884
8891601.562 2890000 2108.433172
8897460.938 2890000 2206.859339
8903320.312 2890000 2305.424509
8909179.688 2890000 2401.253355
8915039.062 2890000 2495.05104
8920898.438 2890000 2590.75223
8926757.812 2890000 2692.049933
8932617.188 2890000 2798.997175
8938476.562 2890000 2909.507454
8944335.938 2890000 3026.393184
8950195.312 2890000 3165.010074
8956054.688 2890000 3354.702115
8961914.062 2890000 3628.023113
8967773.438 2890000 3980.191284
8973632.812 2890000 4326.755888
8979492.188 2890000 4579.166793
8985351.562 2890000 4770.741212
8991210.938 2890000 4797.144577
8997070.312 2890000 3981.555703
