# x y bottom topography
3046875 0 -27.3787939
3140625 0 -28.92519533
3234375 0 -30.51453996
3328125 0 -32.12930009
3421875 0 -33.75006158
3515625 0 -35.35591926
3609375 0 -36.92497782
3703125 0 -38.43502719
3796875 0 -39.86424088
3890625 0 -41.1919274
3984375 0 -42.39928352
4078125 0 -43.47005875
4171875 0 -44.39113673
4265625 0 -45.15293639
4359375 0 -45.74965396
4453125 0 -46.17923604
46875 0 -15.33764286
140625 0 -15.31667312
234375 0 -15.27543571
328125 0 -15.21533674
421875 0 -15.13845849
515625 0 -15.04756741
609375 0 -14.94609555
703125 0 -14.83811237
796875 0 -14.72825599
890625 0 -14.62171264
984375 0 -14.52416305
1078125 0 -14.44173877
1171875 0 -14.38098231
1265625 0 -14.34875845
1359375 0 -14.35217975
1453125 0 -14.39854407
1546875 0 -14.49525752
1640625 0 -14.64970188
1734375 0 -14.86914541
1828125 0 -15.16066557
1921875 0 -15.53096512
2015625 0 -15.98622844
2109375 0 -16.53203226
2203125 0 -17.17313919
2296875 0 -17.91329
2390625 0 -18.75509198
2484375 0 -19.69980976
2578125 0 -20.74710914
2671875 0 -21.89491504
2765625 0 -23.13923167
2859375 0 -24.47394411
2953125 0 -25.89069408
4546875 0 -46.44318531
4640625 0 -46.54628616
4734375 0 -46.49608098
4828125 0 -46.30236331
4921875 0 -45.97665475
5015625 0 -45.53164066
5109375 0 -44.98069647
5203125 0 -44.33742776
5296875 0 -43.61530802
5390625 0 -42.82737551
5484375 0 -41.98597526
5578125 0 -41.10264945
5671875 0 -40.18804628
5765625 0 -39.25180375
5859375 0 -38.302583
5953125 0 -37.34807117
6046875 0 -36.39497061
6140625 0 -35.44908814
6234375 0 -34.51539132
6328125 0 -33.59807344
6421875 0 -32.70062465
6515625 0 -31.82590769
6609375 0 -30.97624426
6703125 0 -30.15345135
6796875 0 -29.35894213
6890625 0 -28.59378118
6984375 0 -27.85873395
7078125 0 -27.15437785
7171875 0 -26.48112079
7265625 0 -25.83924041
7359375 0 -25.22893256
7453125 0 -24.65034879
7546875 0 -24.10361411
7640625 0 -23.58885318
7734375 0 -23.1062558
7828125 0 -22.65604096
7921875 0 -22.23844297
8015625 0 -21.85375773
8109375 0 -21.50231386
8203125 0 -21.18443886
8296875 0 -20.90050613
8390625 0 -20.65094378
8484375 0 -20.43614444
8578125 0 -20.25650385
8671875 0 -20.11240765
8765625 0 -20.00408358
8859375 0 -19.93167756
8953125 0 -19.89537693
