# x y surface topography
41015.625 2890000 1591.315492
52734.375 2890000 1549.265555
64453.125 2890000 1524.806286
76171.875 2890000 1502.491252
87890.625 2890000 1482.198905
99609.375 2890000 1464.426518
111328.125 2890000 1447.848711
123046.875 2890000 1428.175901
134765.625 2890000 1405.251863
146484.375 2890000 1380.768034
158203.125 2890000 1355.64737
169921.875 2890000 1330.830896
181640.625 2890000 1307.251915
193359.375 2890000 1285.690495
205078.125 2890000 1268.15901
216796.875 2890000 1256.42072
228515.625 2890000 1250.193561
2929.6875 2890000 1807.551114
8789.0625 2890000 1777.341397
14648.4375 2890000 1746.663055
20507.8125 2890000 1720.166063
26367.1875 2890000 1694.748346
32226.5625 2890000 1656.067514
237304.6875 2890000 1259.957904
243164.0625 2890000 1263.201238
249023.4375 2890000 1258.070633
254882.8125 2890000 1254.517252
260742.1875 2890000 1249.796514
266601.5625 2890000 1244.368832
272460.9375 2890000 1238.206953
278320.3125 2890000 1231.515072
284179.6875 2890000 1224.431955
290039.0625 2890000 1217.084802
295898.4375 2890000 1209.571012
301757.8125 2890000 1201.963865
307617.1875 2890000 1194.317635
313476.5625 2890000 1186.67053
319335.9375 2890000 1179.047811
325195.3125 2890000 1171.463954
331054.6875 2890000 1163.928969
336914.0625 2890000 1156.449786
342773.4375 2890000 1149.034061
348632.8125 2890000 1141.691219
354492.1875 2890000 1134.426917
360351.5625 2890000 1127.243732
366210.9375 2890000 1120.146612
372070.3125 2890000 1113.139389
377929.6875 2890000 1106.221352
383789.0625 2890000 1099.388582
389648.4375 2890000 1092.632476
395507.8125 2890000 1085.941536
401367.1875 2890000 1079.303902
407226.5625 2890000 1072.707482
413085.9375 2890000 1066.139489
418945.3125 2890000 1059.588524
424804.6875 2890000 1053.044676
430664.0625 2890000 1046.497106
436523.4375 2890000 1039.935974
442382.8125 2890000 1033.35263
448242.1875 2890000 1026.736901
454101.5625 2890000 1020.08005
459960.9375 2890000 1013.374655
465820.3125 2890000 1006.613794
471679.6875 2890000 999.7931711
477539.0625 2890000 992.9111648
483398.4375 2890000 985.9687341
489257.8125 2890000 978.9700314
495117.1875 2890000 971.921864
500976.5625 2890000 964.8334874
506835.9375 2890000 957.7157149
512695.3125 2890000 950.5793172
518554.6875 2890000 943.4359336
524414.0625 2890000 936.2968523
530273.4375 2890000 929.1735853
536132.8125 2890000 922.0784373
541992.1875 2890000 915.0229963
547851.5625 2890000 908.0185209
553710.9375 2890000 901.0757501
559570.3125 2890000 894.2041787
565429.6875 2890000 887.4125681
571289.0625 2890000 880.708732
577148.4375 2890000 874.0990965
583007.8125 2890000 867.5896318
588867.1875 2890000 861.1848711
594726.5625 2890000 854.8879134
600585.9375 2890000 848.7012083
606445.3125 2890000 842.6254053
612304.6875 2890000 836.6592105
618164.0625 2890000 830.7995896
624023.4375 2890000 825.0403461
629882.8125 2890000 819.3709796
635742.1875 2890000 813.7772297
641601.5625 2890000 808.2422963
647460.9375 2890000 802.7487049
653320.3125 2890000 797.278459
659179.6875 2890000 791.8133666
665039.0625 2890000 786.3361912
670898.4375 2890000 780.8301004
676757.8125 2890000 775.2788852
682617.1875 2890000 769.6682406
688476.5625 2890000 763.984952
694335.9375 2890000 758.2171035
700195.3125 2890000 752.355215
706054.6875 2890000 746.3910256
711914.0625 2890000 740.3186072
717773.4375 2890000 734.1348496
723632.8125 2890000 727.8372175
729492.1875 2890000 721.426213
735351.5625 2890000 714.9048643
741210.9375 2890000 708.2772758
747070.3125 2890000 701.5494812
752929.6875 2890000 694.7299628
758789.0625 2890000 687.8282976
764648.4375 2890000 680.8552632
770507.8125 2890000 673.8232676
776367.1875 2890000 666.7453526
782226.5625 2890000 659.6349897
788085.9375 2890000 652.5062038
793945.3125 2890000 645.3728435
799804.6875 2890000 638.2488102
805664.0625 2890000 631.1471901
811523.4375 2890000 624.0804096
817382.8125 2890000 617.0595867
823242.1875 2890000 610.0945244
829101.5625 2890000 603.1938938
834960.9375 2890000 596.3639762
840820.3125 2890000 589.6089789
846679.6875 2890000 582.9320081
852539.0625 2890000 576.3333516
858398.4375 2890000 569.8116757
864257.8125 2890000 563.3646775
870117.1875 2890000 556.9888267
875976.5625 2890000 550.6796312
881835.9375 2890000 544.4318812
887695.3125 2890000 538.239914
893554.6875 2890000 532.0977786
899414.0625 2890000 525.9980272
905273.4375 2890000 519.9343993
911132.8125 2890000 513.9007077
916992.1875 2890000 507.8896235
922851.5625 2890000 501.8949099
928710.9375 2890000 495.9106119
934570.3125 2890000 489.9309652
940429.6875 2890000 483.9498531
946289.0625 2890000 477.9622446
952148.4375 2890000 471.9626853
958007.8125 2890000 465.9461966
963867.1875 2890000 459.9083129
969726.5625 2890000 453.8439452
975585.9375 2890000 447.748345
981445.3125 2890000 441.6161074
987304.6875 2890000 435.4410318
993164.0625 2890000 429.2171147
999023.4375 2890000 422.9368487
1004882.812 2890000 416.5946037
1010742.188 2890000 410.185028
1016601.562 2890000 403.7027669
1022460.938 2890000 397.1451708
1028320.312 2890000 390.510169
1034179.688 2890000 383.7958584
1040039.062 2890000 377.0035726
1045898.438 2890000 370.1349791
1051757.812 2890000 363.1924533
1057617.188 2890000 356.1815468
1063476.562 2890000 349.1071735
1069335.938 2890000 341.9756279
1075195.312 2890000 334.7958251
1081054.688 2890000 327.575587
1086914.062 2890000 320.323094
1092773.438 2890000 313.0488984
1098632.812 2890000 305.7625003
1104492.188 2890000 298.4730719
1110351.562 2890000 291.1916606
1116210.938 2890000 283.9275215
1122070.312 2890000 276.6899085
1127929.688 2890000 269.4880243
1133789.062 2890000 262.3299071
1139648.438 2890000 255.2229043
1145507.812 2890000 248.1739799
1151367.188 2890000 241.1883871
1157226.562 2890000 234.2704251
1163085.938 2890000 227.4234968
1168945.312 2890000 220.6497185
1174804.688 2890000 213.9500335
1180664.062 2890000 207.3240419
1186523.438 2890000 200.7704074
1192382.812 2890000 194.286362
1198242.188 2890000 187.8680387
1204101.562 2890000 181.5109136
1209960.938 2890000 175.2090142
1215820.312 2890000 168.9553566
1221679.688 2890000 162.7427738
1227539.062 2890000 156.5630222
1233398.438 2890000 150.4064888
1239257.812 2890000 144.2636184
1245117.188 2890000 138.1240026
1250976.562 2890000 131.9763704
1256835.938 2890000 125.8091461
1262695.312 2890000 119.6108318
1268554.688 2890000 113.3699374
1274414.062 2890000 107.0754748
1280273.438 2890000 100.7168498
1286132.812 2890000 94.28420499
1291992.188 2890000 87.76861765
1297851.562 2890000 81.16246434
1303710.938 2890000 74.45910156
1309570.312 2890000 67.65324371
1315429.688 2890000 60.74061534
1321289.062 2890000 53.71876762
1327148.438 2890000 46.58670378
1333007.812 2890000 39.34487083
1338867.188 2890000 31.995415
1344726.562 2890000 24.54193159
1350585.938 2890000 16.98993179
1356445.312 2890000 9.345939876
1362304.688 2890000 1.617998573
1368164.062 2890000 -6.184056936
1374023.438 2890000 -14.04955719
1379882.812 2890000 -21.96656838
1385742.188 2890000 -29.9218303
1391601.562 2890000 -37.90180709
1397460.938 2890000 -45.89210054
1403320.312 2890000 -53.87766141
1409179.688 2890000 -61.84396257
1415039.062 2890000 -69.77624265
1420898.438 2890000 -77.66019246
1426757.812 2890000 -85.48304825
1432617.188 2890000 -93.23210709
1438476.562 2890000 -100.8953487
1444335.938 2890000 -108.4622894
1450195.312 2890000 -115.9224378
1456054.688 2890000 -123.2659349
1461914.062 2890000 -130.4844419
1467773.438 2890000 -137.5698775
1473632.812 2890000 -144.5151341
1479492.188 2890000 -151.314708
1485351.562 2890000 -157.9634324
1491210.938 2890000 -164.4578151
1497070.312 2890000 -170.7960999
1502929.688 2890000 -176.9776137
1508789.062 2890000 -183.0034084
1514648.438 2890000 -188.8763935
1520507.812 2890000 -194.6012524
1526367.188 2890000 -200.1842172
1532226.562 2890000 -205.6340124
1538085.938 2890000 -210.961631
1543945.312 2890000 -216.1791815
1549804.688 2890000 -221.3013267
1555664.062 2890000 -226.3448838
1561523.438 2890000 -231.3280102
1567382.812 2890000 -236.2709654
1573242.188 2890000 -241.1956255
1579101.562 2890000 -246.1249139
1584960.938 2890000 -251.083523
1590820.312 2890000 -256.097046
1596679.688 2890000 -261.1921263
1602539.062 2890000 -266.3961073
1608398.438 2890000 -271.7366773
1614257.812 2890000 -277.2416002
1620117.188 2890000 -282.9383548
1625976.562 2890000 -288.8544955
1631835.938 2890000 -295.0162335
1637695.312 2890000 -301.4488247
1643554.688 2890000 -308.1763817
1649414.062 2890000 -315.2211171
1655273.438 2890000 -322.6033909
1661132.812 2890000 -330.3410633
1666992.188 2890000 -338.4491906
1672851.562 2890000 -346.9400559
1678710.938 2890000 -355.8222536
1684570.312 2890000 -365.1006702
1690429.688 2890000 -374.777395
1696289.062 2890000 -384.8514492
1702148.438 2890000 -395.3161011
1708007.812 2890000 -406.1596203
1713867.188 2890000 -417.3669433
1719726.562 2890000 -428.9181197
1725585.938 2890000 -440.7884663
1731445.312 2890000 -452.9492761
1737304.688 2890000 -465.3672643
1743164.062 2890000 -478.0042063
1749023.438 2890000 -490.8178393
1754882.812 2890000 -503.7614454
1760742.188 2890000 -516.7838125
1766601.562 2890000 -529.82951
1772460.938 2890000 -542.8394784
1778320.312 2890000 -555.7508808
1784179.688 2890000 -568.4976716
1790039.062 2890000 -581.011143
1795898.438 2890000 -593.2203546
1801757.812 2890000 -605.0521645
1807617.188 2890000 -616.4328834
1813476.562 2890000 -627.288273
1819335.938 2890000 -637.5438859
1825195.312 2890000 -647.1270347
1831054.688 2890000 -655.9669304
1836914.062 2890000 -663.9953325
1842773.438 2890000 -671.1487586
1848632.812 2890000 -677.3685228
1854492.188 2890000 -682.6015497
1860351.562 2890000 -686.8024096
1866210.938 2890000 -689.934372
1872070.312 2890000 -691.970013
1877929.688 2890000 -692.8931486
1883789.062 2890000 -692.699901
1889648.438 2890000 -691.3989734
1895507.812 2890000 -689.0138895
1901367.188 2890000 -685.5839563
1907226.562 2890000 -681.1650097
1913085.938 2890000 -675.8308311
1918945.312 2890000 -669.6743518
1924804.688 2890000 -662.8071476
1930664.062 2890000 -655.3614258
1936523.438 2890000 -647.4903818
1942382.812 2890000 -639.368172
1948242.188 2890000 -631.190314
1954101.562 2890000 -623.1730625
1959960.938 2890000 -615.5535536
1965820.312 2890000 -608.5892589
1971679.688 2890000 -602.556134
1977539.062 2890000 -597.7497173
1983398.438 2890000 -594.4818477
1989257.812 2890000 -593.0789543
1995117.188 2890000 -593.8820859
2000976.562 2890000 -597.2436141
2006835.938 2890000 -603.5237718
2012695.312 2890000 -613.0906969
2018554.688 2890000 -626.3150559
2024414.062 2890000 -643.5672618
2030273.438 2890000 -665.2146384
2036132.812 2890000 -691.6177791
2041992.188 2890000 -723.1265284
2047851.562 2890000 -760.0754826
2053710.938 2890000 -802.7801988
2059570.312 2890000 -851.5322112
2065429.688 2890000 -906.5949491
2071289.062 2890000 -968.1985765
2077148.438 2890000 -1036.535735
2083007.812 2890000 -1111.756228
2088867.188 2890000 -1193.961969
2094726.562 2890000 -1283.203757
2100585.938 2890000 -1379.473189
2106445.312 2890000 -1482.698866
2112304.688 2890000 -1592.743608
2118164.062 2890000 -1709.396712
2124023.438 2890000 -1832.369148
2129882.812 2890000 -1961.293718
2135742.188 2890000 -2095.716085
2141601.562 2890000 -2235.091722
2147460.938 2890000 -2378.785909
2153320.312 2890000 -2526.066015
2159179.688 2890000 -2676.102571
2165039.062 2890000 -2827.970182
2170898.438 2890000 -2980.641784
2176757.812 2890000 -3132.99444
2182617.188 2890000 -3283.810996
2188476.562 2890000 -3431.778859
2194335.938 2890000 -3575.501455
2200195.312 2890000 -3713.503546
2206054.688 2890000 -3844.238912
2211914.062 2890000 -3966.105237
2217773.438 2890000 -4077.458757
2223632.812 2890000 -4176.624163
2229492.188 2890000 -4261.91661
2235351.562 2890000 -4331.657639
2241210.938 2890000 -4384.188659
2247070.312 2890000 -4417.892644
2252929.688 2890000 -4431.198618
2258789.062 2890000 -4422.590569
2264648.438 2890000 -4390.612231
2270507.812 2890000 -4333.868851
2276367.188 2890000 -4251.030899
2282226.562 2890000 -4140.837682
2288085.938 2890000 -4002.105794
2293945.312 2890000 -3833.750525
2299804.688 2890000 -3634.815341
2305664.062 2890000 -3404.500428
2311523.438 2890000 -3142.207635
2317382.812 2890000 -2847.573864
2323242.188 2890000 -2520.500358
2329101.562 2890000 -2161.21054
2334960.938 2890000 -1770.307692
2340820.312 2890000 -1348.807962
2346679.688 2890000 -898.2137008
2352539.062 2890000 -420.5124468
2358398.438 2890000 81.72969287
2364257.812 2890000 605.5645345
2370117.188 2890000 1149.154681
2375976.562 2890000 1732.074707
2381835.938 2890000 2437.248924
2387695.312 2890000 3051.927248
2393554.688 2890000 3182.460712
2399414.062 2890000 2898.381051
2405273.438 2890000 2388.700108
2411132.812 2890000 1793.578523
2416992.188 2890000 1120.121104
2422851.562 2890000 345.4968612
2428710.938 2890000 -498.6945253
2434570.312 2890000 -1387.195316
2440429.688 2890000 -2306.024622
2446289.062 2890000 -3356.989956
2452148.438 2890000 -4521.814931
2458007.812 2890000 -5689.273005
2463867.188 2890000 -6856.045387
2469726.562 2890000 -8150.289909
2475585.938 2890000 -9506.648952
2481445.312 2890000 -10783.77535
2487304.688 2890000 -11909.0191
2493164.062 2890000 -12872.85292
2499023.438 2890000 -13880.13452
2504882.812 2890000 -14605.84173
2510742.188 2890000 -14201.2654
2516601.562 2890000 -13458.43259
2522460.938 2890000 -12539.26643
2528320.312 2890000 -11444.57463
2534179.688 2890000 -10238.36705
2540039.062 2890000 -8955.58245
2545898.438 2890000 -7631.395752
2551757.812 2890000 -6295.211312
2557617.188 2890000 -4972.813507
2563476.562 2890000 -3686.106904
2569335.938 2890000 -2453.500354
2575195.312 2890000 -1290.125974
2581054.688 2890000 -208.1090116
2586914.062 2890000 783.2136106
2592773.438 2890000 1677.083977
2598632.812 2890000 2469.132384
2604492.188 2890000 3157.194007
2610351.562 2890000 3741.102457
2616210.938 2890000 4222.450838
2622070.312 2890000 4604.353635
2627929.688 2890000 4891.1964
2633789.062 2890000 5088.386048
2639648.438 2890000 5202.119782
2645507.812 2890000 5239.171656
2651367.188 2890000 5206.706024
2657226.562 2890000 5112.104206
2663085.938 2890000 4962.822497
2668945.312 2890000 4766.270843
2674804.688 2890000 4529.714549
2680664.062 2890000 4260.177765
2686523.438 2890000 3964.370933
2692382.812 2890000 3648.641102
2698242.188 2890000 3318.916275
2704101.562 2890000 2980.675957
2709960.938 2890000 2638.933122
2715820.312 2890000 2298.218506
2721679.688 2890000 1962.575967
2727539.062 2890000 1635.56826
2733398.438 2890000 1320.286366
2739257.812 2890000 1019.365796
2745117.188 2890000 735.0035671
2750976.562 2890000 468.980767
2756835.938 2890000 222.6842777
2762695.312 2890000 -2.873955504
2768554.688 2890000 -207.0307404
2774414.062 2890000 -389.449116
2780273.438 2890000 -550.0892721
2786132.812 2890000 -689.1840888
2791992.188 2890000 -807.2120791
2797851.562 2890000 -904.8703173
2803710.938 2890000 -983.047878
2809570.312 2890000 -1042.796102
2815429.688 2890000 -1085.300768
2821289.062 2890000 -1111.853661
2827148.438 2890000 -1123.825737
2833007.812 2890000 -1122.642602
2838867.188 2890000 -1109.758766
2844726.562 2890000 -1086.635919
2850585.938 2890000 -1054.721058
2856445.312 2890000 -1015.426371
2862304.688 2890000 -970.1117911
2868164.062 2890000 -920.0727555
2874023.438 2890000 -866.5289302
2879882.812 2890000 -810.612788
2885742.188 2890000 -753.3624441
2891601.562 2890000 -695.7156377
2897460.938 2890000 -638.5085195
2903320.312 2890000 -582.4736889
2909179.688 2890000 -528.2403817
2915039.062 2890000 -476.3376344
2920898.438 2890000 -427.1977398
2926757.812 2890000 -381.1602186
2932617.188 2890000 -338.4761075
2938476.562 2890000 -299.316247
2944335.938 2890000 -263.7773523
2950195.312 2890000 -231.8891697
2956054.688 2890000 -203.6219812
2961914.062 2890000 -178.8950376
2967773.438 2890000 -157.5827883
2973632.812 2890000 -139.523758
2979492.188 2890000 -124.5261089
2985351.562 2890000 -112.3746273
2991210.938 2890000 -102.8367631
2997070.312 2890000 -95.66733832
3002929.688 2890000 -90.61543833
3008789.062 2890000 -87.4278948
3014648.438 2890000 -85.85368024
3020507.812 2890000 -85.64726897
3026367.188 2890000 -86.57267325
3032226.562 2890000 -88.4051276
3038085.938 2890000 -90.93392142
3043945.312 2890000 -93.96498151
3049804.688 2890000 -97.32048205
3055664.062 2890000 -100.8409414
3061523.438 2890000 -104.3849542
3067382.812 2890000 -107.8284843
3073242.188 2890000 -111.0658917
3079101.562 2890000 -114.0097035
3084960.938 2890000 -116.5892309
3090820.312 2890000 -118.7492918
3096679.688 2890000 -120.4494259
3102539.062 2890000 -121.6623337
3108398.438 2890000 -122.3727122
3114257.812 2890000 -122.5758701
3120117.188 2890000 -122.2770858
3125976.562 2890000 -121.4892399
3131835.938 2890000 -120.2322287
3137695.312 2890000 -118.530858
3143554.688 2890000 -116.4126216
3149414.062 2890000 -113.9078436
3155273.438 2890000 -111.0488105
3161132.812 2890000 -107.8682607
3166992.188 2890000 -104.3997921
3172851.562 2890000 -100.6768867
3178710.938 2890000 -96.73116896
3184570.312 2890000 -92.59213212
3190429.688 2890000 -88.2865699
3196289.062 2890000 -83.83954283
3202148.438 2890000 -79.27270794
3208007.812 2890000 -74.60461532
3213867.188 2890000 -69.85166547
3219726.562 2890000 -65.02594161
3225585.938 2890000 -60.13667903
3231445.312 2890000 -55.19148993
3237304.688 2890000 -50.1947291
3243164.062 2890000 -45.14869997
3249023.438 2890000 -40.05479132
3254882.812 2890000 -34.91276516
3260742.188 2890000 -29.72120869
3266601.562 2890000 -24.47843664
3272460.938 2890000 -19.1822431
3278320.312 2890000 -13.82944438
3284179.688 2890000 -8.416872536
3290039.062 2890000 -2.942619904
3295898.438 2890000 2.594895938
3301757.812 2890000 8.196950329
3307617.188 2890000 13.8634925
3313476.562 2890000 19.5929773
3319335.938 2890000 25.38289148
3325195.312 2890000 31.22977198
3331054.688 2890000 37.12821646
3336914.062 2890000 43.07205042
3342773.438 2890000 49.05381048
3348632.812 2890000 55.06472112
3354492.188 2890000 61.09514986
3360351.562 2890000 67.13429788
3366210.938 2890000 73.16979933
3372070.312 2890000 79.18965336
3377929.688 2890000 85.18187927
3383789.062 2890000 91.13350373
3389648.438 2890000 97.03301251
3395507.812 2890000 102.8682269
3401367.188 2890000 108.6275548
3407226.562 2890000 114.3001295
3413085.938 2890000 119.8753232
3418945.312 2890000 125.3418427
3424804.688 2890000 130.6905109
3430664.062 2890000 135.9147792
3436523.438 2890000 141.0092195
3442382.812 2890000 145.9708811
3448242.188 2890000 150.7977962
3454101.562 2890000 155.4892515
3459960.938 2890000 160.0480491
3465820.312 2890000 164.4785659
3471679.688 2890000 168.7887567
3477539.062 2890000 172.989531
3483398.438 2890000 177.0941531
3489257.812 2890000 181.1163532
3495117.188 2890000 185.0710607
3500976.562 2890000 188.9737522
3506835.938 2890000 192.841796
3512695.312 2890000 196.6946527
3518554.688 2890000 200.5513553
3524414.062 2890000 204.4331517
3530273.438 2890000 208.3579781
3536132.812 2890000 212.3442619
3541992.188 2890000 216.4112646
3547851.562 2890000 220.5788103
3553710.938 2890000 224.8621333
3559570.312 2890000 229.2774078
3565429.688 2890000 233.8373597
3571289.062 2890000 238.5514456
3577148.438 2890000 243.4286422
3583007.812 2890000 248.4752945
3588867.188 2890000 253.6949989
3594726.562 2890000 259.0882516
3600585.938 2890000 264.6519369
3606445.312 2890000 270.3797198
3612304.688 2890000 276.264259
3618164.062 2890000 282.295931
3624023.438 2890000 288.462904
3629882.812 2890000 294.7507769
3635742.188 2890000 301.1427579
3641601.562 2890000 307.6204171
3647460.938 2890000 314.164703
3653320.312 2890000 320.7571003
3659179.688 2890000 327.3802247
3665039.062 2890000 334.0169904
3670898.438 2890000 340.6504747
3676757.812 2890000 347.2659161
3682617.188 2890000 353.84855
3688476.562 2890000 360.3827073
3694335.938 2890000 366.8549991
3700195.312 2890000 373.252718
3706054.688 2890000 379.5649166
3711914.062 2890000 385.7814176
3717773.438 2890000 391.8937644
3723632.812 2890000 397.8939121
3729492.188 2890000 403.7761335
3735351.562 2890000 409.5370512
3741210.938 2890000 415.1748032
3747070.312 2890000 420.6916293
4365234.375 2890000 1268.877388
4376953.125 2890000 1285.550116
4388671.875 2890000 1289.603252
4400390.625 2890000 1263.967625
4412109.375 2890000 1215.6329
4423828.125 2890000 1184.450912
4435546.875 2890000 1231.006779
4447265.625 2890000 1350.286085
4458984.375 2890000 1483.577009
4470703.125 2890000 1680.857249
4482421.875 2890000 1842.775297
3752929.688 2890000 426.0926626
3758789.062 2890000 431.3852387
3764648.438 2890000 436.5795659
3770507.812 2890000 441.6892004
3776367.188 2890000 446.7287188
3782226.562 2890000 451.7160709
3788085.938 2890000 456.6715508
3793945.312 2890000 461.6168862
3799804.688 2890000 466.5756877
3805664.062 2890000 471.5715126
3811523.438 2890000 476.6283915
3817382.812 2890000 481.7696627
3823242.188 2890000 487.0161661
3829101.562 2890000 492.3868754
3834960.938 2890000 497.8978434
3840820.312 2890000 503.5613913
3846679.688 2890000 509.3860605
3852539.062 2890000 515.3770184
3858398.438 2890000 521.5350285
3864257.812 2890000 527.8576317
3870117.188 2890000 534.3386943
3875976.562 2890000 540.9673871
3881835.938 2890000 547.7273809
3887695.312 2890000 554.6015828
3893554.688 2890000 561.569431
3899414.062 2890000 568.606943
3905273.438 2890000 575.6876272
3911132.812 2890000 582.784438
3916992.188 2890000 589.8713835
3922851.562 2890000 596.9276327
3928710.938 2890000 603.9355143
3934570.312 2890000 610.8810188
3940429.688 2890000 617.7542212
3946289.062 2890000 624.5457399
3952148.438 2890000 631.2480023
3958007.812 2890000 637.8565992
3963867.188 2890000 644.3684009
3969726.562 2890000 650.7839549
3975585.938 2890000 657.1061192
3981445.312 2890000 663.3403678
3987304.688 2890000 669.4928339
3993164.062 2890000 675.5721216
3999023.438 2890000 681.5924712
4004882.812 2890000 687.5731672
4010742.188 2890000 693.5404397
4016601.562 2890000 699.5243037
4022460.938 2890000 705.5569683
4028320.312 2890000 711.6713458
4034179.688 2890000 717.9033931
4040039.062 2890000 724.2890717
4045898.438 2890000 730.8631002
4051757.812 2890000 737.6556491
4057617.188 2890000 744.6925119
4063476.562 2890000 751.9968754
4069335.938 2890000 759.5879558
4075195.312 2890000 767.4786896
4081054.688 2890000 775.6746744
4086914.062 2890000 784.171172
4092773.438 2890000 792.9529709
4098632.812 2890000 801.9927145
4104492.188 2890000 811.2536084
4110351.562 2890000 820.686058
4116210.938 2890000 830.2280874
4122070.312 2890000 839.8046713
4127929.688 2890000 849.3366061
4133789.062 2890000 858.7564053
4139648.438 2890000 868.0159915
4145507.812 2890000 877.0818632
4151367.188 2890000 885.927541
4157226.562 2890000 894.5274797
4163085.938 2890000 902.8578874
4168945.312 2890000 910.8985631
4174804.688 2890000 918.6343214
4180664.062 2890000 926.0590774
4186523.438 2890000 933.1774102
4192382.812 2890000 940.0060275
4198242.188 2890000 946.5773204
4204101.562 2890000 952.9469425
4209960.938 2890000 959.1960997
4215820.312 2890000 965.426361
4221679.688 2890000 971.7507178
4227539.062 2890000 978.2868289
4233398.438 2890000 985.1521482
4239257.812 2890000 992.4567175
4245117.188 2890000 1000.299757
4250976.562 2890000 1008.769316
4256835.938 2890000 1017.939229
4262695.312 2890000 1027.87085
4268554.688 2890000 1038.614394
4274414.062 2890000 1050.206064
4280273.438 2890000 1062.661609
4286132.812 2890000 1075.949366
4291992.188 2890000 1089.955332
4297851.562 2890000 1104.542244
4303710.938 2890000 1119.671153
4309570.312 2890000 1135.375394
4315429.688 2890000 1151.682487
4321289.062 2890000 1168.614734
4327148.438 2890000 1186.180331
4333007.812 2890000 1204.3917
4338867.188 2890000 1223.124819
4344726.562 2890000 1242.767365
4350585.938 2890000 1263.084961
4356445.312 2890000 1278.019618
4491210.938 2890000 2036.575087
4497070.312 2890000 1884.527418
