# x y bottom topography
46875 0 -13.0335105
140625 0 -13.23966577
234375 0 -13.64999632
328125 0 -14.26035653
421875 0 -15.06417328
515625 0 -16.0520701
609375 0 -17.21142423
703125 0 -18.52597794
796875 0 -19.9755485
890625 0 -21.5359099
984375 0 -23.17891771
1078125 0 -24.87296396
1171875 0 -26.58375439
1265625 0 -28.27534862
1359375 0 -29.91151764
1453125 0 -31.45722986
1546875 0 -32.88012073
1640625 0 -34.15190257
1734375 0 -35.24952427
1828125 0 -36.15593619
1921875 0 -36.86052161
2015625 0 -37.35911467
2109375 0 -37.65359955
2203125 0 -37.75126111
2296875 0 -37.66392386
2390625 0 -37.40697015
2484375 0 -36.99834356
2578125 0 -36.45761155
2671875 0 -35.80514152
2765625 0 -35.06138414
2859375 0 -34.24629833
2953125 0 -33.37898925
3046875 0 -32.47741955
3140625 0 -31.55819412
3234375 0 -30.63656453
3328125 0 -29.72641717
3421875 0 -28.8403071
3515625 0 -27.98955465
3609375 0 -27.18431482
3703125 0 -26.43370264
3796875 0 -25.74585124
3890625 0 -25.12796229
3984375 0 -24.58636252
4078125 0 -24.12652159
4171875 0 -23.75303542
4265625 0 -23.46961937
4359375 0 -23.27908766
4453125 0 -23.18334889
