# x y bottom topography
46875 0 -23.78876
140625 0 -24.0172172
234375 0 -24.46891174
328125 0 -25.13345519
421875 0 -25.995422
515625 0 -27.0345508
609375 0 -28.22602597
703125 0 -29.54088612
796875 0 -30.94654908
890625 0 -32.40746883
984375 0 -33.88596676
1078125 0 -35.34317804
1171875 0 -36.74013518
1265625 0 -38.03894624
1359375 0 -39.20397912
1453125 0 -40.20302581
1546875 0 -41.00835264
1640625 0 -41.59754156
1734375 0 -41.95410728
1828125 0 -42.06781076
1921875 0 -41.93467605
2015625 0 -41.55674236
2109375 0 -40.94156829
2203125 0 -40.10156629
2296875 0 -39.05322168
2390625 0 -37.81626582
2484375 0 -36.41286868
2578125 0 -34.86686925
2671875 0 -33.20309232
2765625 0 -31.44677066
2859375 0 -29.62305404
2953125 0 -27.75661952
3046875 0 -25.87137564
3140625 0 -23.99023089
3234375 0 -22.13492489
3328125 0 -20.32591824
3421875 0 -18.58231063
3515625 0 -16.92178024
3609375 0 -15.36056143
3703125 0 -13.91342396
3796875 0 -12.59365231
3890625 0 -11.41305656
3984375 0 -10.3819634
4078125 0 -9.509217866
4171875 0 -8.802187833
4265625 0 -8.266762495
4359375 0 -7.90736124
4453125 0 -7.726926063
