# x y surface topography
2929.6875 2890000 1876.95684
8789.0625 2890000 1862.72892
14648.4375 2890000 1844.263804
20507.8125 2890000 1816.665644
26367.1875 2890000 1774.227651
32226.5625 2890000 1723.073841
38085.9375 2890000 1679.98281
43945.3125 2890000 1655.833855
49804.6875 2890000 1647.850511
55664.0625 2890000 1646.531014
61523.4375 2890000 1644.374048
67382.8125 2890000 1638.359876
73242.1875 2890000 1628.334915
79101.5625 2890000 1615.212875
84960.9375 2890000 1600.115215
90820.3125 2890000 1584.075385
96679.6875 2890000 1567.849673
102539.0625 2890000 1551.820148
108398.4375 2890000 1535.987
114257.8125 2890000 1520.103706
120117.1875 2890000 1503.838872
125976.5625 2890000 1486.99715
131835.9375 2890000 1469.808539
137695.3125 2890000 1453.058531
143554.6875 2890000 1437.694051
149414.0625 2890000 1424.422416
155273.4375 2890000 1413.415953
161132.8125 2890000 1404.25637
166992.1875 2890000 1396.382098
172851.5625 2890000 1389.316936
178710.9375 2890000 1382.692755
184570.3125 2890000 1376.238631
190429.6875 2890000 1369.759492
196289.0625 2890000 1363.116234
202148.4375 2890000 1356.232116
208007.8125 2890000 1349.092732
213867.1875 2890000 1341.72529
219726.5625 2890000 1334.175511
225585.9375 2890000 1326.490824
231445.3125 2890000 1318.713325
237304.6875 2890000 1310.87731
243164.0625 2890000 1303.007182
249023.4375 2890000 1295.123667
254882.8125 2890000 1287.251153
260742.1875 2890000 1279.417118
266601.5625 2890000 1271.637747
272460.9375 2890000 1263.91637
278320.3125 2890000 1256.257616
284179.6875 2890000 1248.66939
290039.0625 2890000 1241.158458
295898.4375 2890000 1233.728705
301757.8125 2890000 1226.381784
307617.1875 2890000 1219.116781
313476.5625 2890000 1211.931186
319335.9375 2890000 1204.821053
325195.3125 2890000 1197.78139
331054.6875 2890000 1190.807149
336914.0625 2890000 1183.893861
342773.4375 2890000 1177.040949
348632.8125 2890000 1170.245624
354492.1875 2890000 1163.492661
360351.5625 2890000 1156.762126
366210.9375 2890000 1150.041373
372070.3125 2890000 1143.323687
377929.6875 2890000 1136.604894
383789.0625 2890000 1129.882491
389648.4375 2890000 1123.154717
395507.8125 2890000 1116.420534
401367.1875 2890000 1109.679427
407226.5625 2890000 1102.931286
413085.9375 2890000 1096.175629
418945.3125 2890000 1089.411295
424804.6875 2890000 1082.635559
430664.0625 2890000 1075.844286
436523.4375 2890000 1069.032451
442382.8125 2890000 1062.194739
448242.1875 2890000 1055.327158
454101.5625 2890000 1048.4276
459960.9375 2890000 1041.496696
465820.3125 2890000 1034.53773
471679.6875 2890000 1027.556571
477539.0625 2890000 1020.561561
483398.4375 2890000 1013.562787
489257.8125 2890000 1006.571559
495117.1875 2890000 999.59979
500976.5625 2890000 992.6595043
506835.9375 2890000 985.7616882
512695.3125 2890000 978.9149811
518554.6875 2890000 972.1254036
524414.0625 2890000 965.3970125
530273.4375 2890000 958.7327021
536132.8125 2890000 952.1346273
541992.1875 2890000 945.6043487
547851.5625 2890000 939.143078
553710.9375 2890000 932.7515548
559570.3125 2890000 926.4302582
565429.6875 2890000 920.1798198
571289.0625 2890000 914.0008864
577148.4375 2890000 907.8940779
583007.8125 2890000 901.8601041
588867.1875 2890000 895.8996077
594726.5625 2890000 890.0131308
600585.9375 2890000 884.2009665
606445.3125 2890000 878.4630208
612304.6875 2890000 872.7984949
618164.0625 2890000 867.2055214
624023.4375 2890000 861.6801375
629882.8125 2890000 856.2148128
635742.1875 2890000 850.7987488
641601.5625 2890000 845.4197584
647460.9375 2890000 840.0656806
653320.3125 2890000 834.725082
659179.6875 2890000 829.3875617
665039.0625 2890000 824.0438915
670898.4375 2890000 818.6860537
676757.8125 2890000 813.307427
682617.1875 2890000 807.9027048
688476.5625 2890000 802.4678061
694335.9375 2890000 796.9998945
700195.3125 2890000 791.4971265
706054.6875 2890000 785.9585432
711914.0625 2890000 780.3840464
717773.4375 2890000 774.774165
723632.8125 2890000 769.1300246
729492.1875 2890000 763.45327
735351.5625 2890000 757.7458894
741210.9375 2890000 752.0101656
747070.3125 2890000 746.2485124
752929.6875 2890000 740.4635571
758789.0625 2890000 734.6580866
764648.4375 2890000 728.8346833
770507.8125 2890000 722.9960644
776367.1875 2890000 717.144924
782226.5625 2890000 711.2838083
788085.9375 2890000 705.4152528
793945.3125 2890000 699.5416306
799804.6875 2890000 693.6652768
805664.0625 2890000 687.7883802
811523.4375 2890000 681.9129418
817382.8125 2890000 676.0408959
823242.1875 2890000 670.173822
829101.5625 2890000 664.3130489
834960.9375 2890000 658.4594314
840820.3125 2890000 652.6131709
846679.6875 2890000 646.7741539
852539.0625 2890000 640.9419771
858398.4375 2890000 635.1161053
864257.8125 2890000 629.2961863
870117.1875 2890000 623.4822003
875976.5625 2890000 617.6745511
881835.9375 2890000 611.874145
887695.3125 2890000 606.0823197
893554.6875 2890000 600.3010962
899414.0625 2890000 594.5331615
905273.4375 2890000 588.7815375
911132.8125 2890000 583.0497189
916992.1875 2890000 577.341655
922851.5625 2890000 571.6614216
928710.9375 2890000 566.0131201
934570.3125 2890000 560.400729
940429.6875 2890000 554.8281777
946289.0625 2890000 549.2992373
952148.4375 2890000 543.8171226
958007.8125 2890000 538.3846515
963867.1875 2890000 533.0042691
969726.5625 2890000 527.6778935
975585.9375 2890000 522.4062884
981445.3125 2890000 517.1890995
987304.6875 2890000 512.0245619
993164.0625 2890000 506.9095218
999023.4375 2890000 501.8398571
1004882.812 2890000 496.8106586
1010742.188 2890000 491.8168279
1016601.562 2890000 486.8532471
1022460.938 2890000 481.9147409
1028320.312 2890000 476.9962418
1034179.688 2890000 472.0929949
1040039.062 2890000 467.2006979
1045898.438 2890000 462.3151513
1051757.812 2890000 457.4325713
1057617.188 2890000 452.5496606
1063476.562 2890000 447.6634031
1069335.938 2890000 442.7710655
1075195.312 2890000 437.8703375
1081054.688 2890000 432.9591269
1086914.062 2890000 428.0355999
1092773.438 2890000 423.0982461
1098632.812 2890000 418.1457181
1104492.188 2890000 413.1769398
1110351.562 2890000 408.1911304
1116210.938 2890000 403.1876466
1122070.312 2890000 398.1660474
1127929.688 2890000 393.1261568
1133789.062 2890000 388.0679998
1139648.438 2890000 382.9916957
1145507.812 2890000 377.8976294
1151367.188 2890000 372.7864351
1157226.562 2890000 367.6587957
1163085.938 2890000 362.5156226
1168945.312 2890000 357.3580687
1174804.688 2890000 352.1873651
1180664.062 2890000 347.0048912
1186523.438 2890000 341.8122042
1192382.812 2890000 336.610934
1198242.188 2890000 331.4026988
1204101.562 2890000 326.1892041
1209960.938 2890000 320.9722028
1215820.312 2890000 315.7532357
1221679.688 2890000 310.5337924
1227539.062 2890000 305.3151908
1233398.438 2890000 300.0984007
1239257.812 2890000 294.8840521
1245117.188 2890000 289.6723724
1250976.562 2890000 284.4631068
1256835.938 2890000 279.2556612
1262695.312 2890000 274.0491337
1268554.688 2890000 268.8423083
1274414.062 2890000 263.6339039
1280273.438 2890000 258.4224763
1286132.812 2890000 253.2067195
1291992.188 2890000 247.9854355
1297851.562 2890000 242.7573773
1303710.938 2890000 237.5215897
1309570.312 2890000 232.2774806
1315429.688 2890000 227.0246973
1321289.062 2890000 221.7633239
1327148.438 2890000 216.4939427
1333007.812 2890000 211.2176054
1338867.188 2890000 205.936012
1344726.562 2890000 200.6512861
1350585.938 2890000 195.366328
1356445.312 2890000 190.0845922
1362304.688 2890000 184.8100225
1368164.062 2890000 179.5474048
1374023.438 2890000 174.3018282
1379882.812 2890000 169.0792312
1385742.188 2890000 163.8859811
1391601.562 2890000 158.7286251
1397460.938 2890000 153.6143316
1403320.312 2890000 148.5502976
1409179.688 2890000 143.5439143
1415039.062 2890000 138.6024737
1420898.438 2890000 133.7329923
1426757.812 2890000 128.9420179
1432617.188 2890000 124.2358219
1438476.562 2890000 119.6203604
1444335.938 2890000 115.1013979
1450195.312 2890000 110.684379
1456054.688 2890000 106.374758
1461914.062 2890000 102.1774659
1467773.438 2890000 98.0969955
1473632.812 2890000 94.13766252
1479492.188 2890000 90.30287705
1485351.562 2890000 86.59527985
1491210.938 2890000 83.0165573
1497070.312 2890000 79.56809738
1502929.688 2890000 76.24786446
1508789.062 2890000 73.05225419
1514648.438 2890000 69.9796857
1520507.812 2890000 67.0280008
1526367.188 2890000 64.19410307
1532226.562 2890000 61.47378965
1538085.938 2890000 58.86168108
1543945.312 2890000 56.35103568
1549804.688 2890000 53.93301561
1555664.062 2890000 51.59696269
1561523.438 2890000 49.33025399
1567382.812 2890000 47.11808403
1573242.188 2890000 44.9430391
1579101.562 2890000 42.78545997
1584960.938 2890000 40.62314278
1590820.312 2890000 38.43158312
1596679.688 2890000 36.1837391
1602539.062 2890000 33.84987225
1608398.438 2890000 31.398433
1614257.812 2890000 28.79559716
1620117.188 2890000 26.00540256
1625976.562 2890000 22.99016825
1631835.938 2890000 19.71104004
1637695.312 2890000 16.12805718
1643554.688 2890000 12.2000865
1649414.062 2890000 7.88619818
1655273.438 2890000 3.145359447
1661132.812 2890000 -2.062919886
1666992.188 2890000 -7.77782289
1672851.562 2890000 -14.03701923
1678710.938 2890000 -20.87574061
1684570.312 2890000 -28.32650271
1690429.688 2890000 -36.41808561
1696289.062 2890000 -45.17522181
1702148.438 2890000 -54.61785512
1708007.812 2890000 -64.76041655
1713867.188 2890000 -75.61116418
1719726.562 2890000 -87.17166471
1725585.938 2890000 -99.43597897
1731445.312 2890000 -112.3903261
1737304.688 2890000 -126.0122126
1743164.062 2890000 -140.2697129
1749023.438 2890000 -155.1211466
1754882.812 2890000 -170.5144499
1760742.188 2890000 -186.386331
1766601.562 2890000 -202.6619173
1772460.938 2890000 -219.2550993
1778320.312 2890000 -236.0672695
1784179.688 2890000 -252.9873985
1790039.062 2890000 -269.8927032
1795898.438 2890000 -286.6475692
1801757.812 2890000 -303.1041112
1807617.188 2890000 -319.1032703
1813476.562 2890000 -334.4737746
1819335.938 2890000 -349.0334538
1825195.312 2890000 -362.590376
1831054.688 2890000 -374.9424715
1836914.062 2890000 -385.8800297
1842773.438 2890000 -395.1851991
1848632.812 2890000 -402.6352963
1854492.188 2890000 -408.0035574
1860351.562 2890000 -411.0605812
1866210.938 2890000 -411.5769276
1872070.312 2890000 -409.3263176
1877929.688 2890000 -404.0866081
1883789.062 2890000 -395.6433554
1889648.438 2890000 -383.7941694
1895507.812 2890000 -368.3505566
1901367.188 2890000 -349.1425491
1907226.562 2890000 -326.0230755
1913085.938 2890000 -298.8715609
1918945.312 2890000 -267.5992021
1924804.688 2890000 -232.1533141
1930664.062 2890000 -192.5229794
1936523.438 2890000 -148.7440766
1942382.812 2890000 -100.9049913
1948242.188 2890000 -49.15285359
1954101.562 2890000 6.301461622
1959960.938 2890000 65.17751549
1965820.312 2890000 127.1192814
1971679.688 2890000 191.6894545
1977539.062 2890000 258.3649866
1983398.438 2890000 326.5317057
1989257.812 2890000 395.4805041
1995117.188 2890000 464.4048833
2000976.562 2890000 532.3980175
2006835.938 2890000 598.4513396
2012695.312 2890000 661.4566216
2018554.688 2890000 720.207525
2024414.062 2890000 773.4027264
2030273.438 2890000 819.6532901
2036132.812 2890000 857.4897446
2041992.188 2890000 885.3702423
2047851.562 2890000 901.6912042
2053710.938 2890000 904.8024012
2059570.312 2890000 893.0205717
2065429.688 2890000 864.6505524
2071289.062 2890000 818.0108161
2077148.438 2890000 751.45964
2083007.812 2890000 663.4165387
2088867.188 2890000 552.3897554
2094726.562 2890000 416.9978376
2100585.938 2890000 255.9931706
2106445.312 2890000 68.28521384
2112304.688 2890000 -147.0359066
2118164.062 2890000 -390.679351
2124023.438 2890000 -663.1329512
2129882.812 2890000 -964.6416084
2135742.188 2890000 -1295.18733
2141601.562 2890000 -1654.466432
2147460.938 2890000 -2041.867947
2153320.312 2890000 -2456.455378
2159179.688 2890000 -2896.943365
2165039.062 2890000 -3361.674958
2170898.438 2890000 -3848.605728
2176757.812 2890000 -4355.291261
2182617.188 2890000 -4878.870782
2188476.562 2890000 -5416.070148
2194335.938 2890000 -5963.206308
2200195.312 2890000 -6516.193454
2206054.688 2890000 -7070.568735
2211914.062 2890000 -7621.516261
2217773.438 2890000 -8163.887611
2223632.812 2890000 -8692.241066
2229492.188 2890000 -9200.862906
2235351.562 2890000 -9683.795859
2241210.938 2890000 -10134.86667
2247070.312 2890000 -10547.71381
2252929.688 2890000 -10915.82519
2258789.062 2890000 -11232.57765
2264648.438 2890000 -11491.29903
2270507.812 2890000 -11685.31911
2276367.188 2890000 -11808.04398
2282226.562 2890000 -11853.01716
2288085.938 2890000 -11813.97211
2293945.312 2890000 -11684.87231
2299804.688 2890000 -11459.94048
2305664.062 2890000 -11133.74022
2311523.438 2890000 -10701.24929
2317382.812 2890000 -10157.87206
2323242.188 2890000 -9499.607433
2329101.562 2890000 -8723.258709
2334960.938 2890000 -7826.620761
2340820.312 2890000 -6808.628367
2346679.688 2890000 -5669.52626
2352539.062 2890000 -4410.886086
2358398.438 2890000 -3036.060842
2364257.812 2890000 -1549.587118
2370117.188 2890000 46.34494249
2375976.562 2890000 1801.398929
2381835.938 2890000 3932.711769
2387695.312 2890000 5935.482146
2393554.688 2890000 6783.825346
2399414.062 2890000 6512.709568
2405273.438 2890000 5588.375005
2411132.812 2890000 4452.640465
2416992.188 2890000 3229.834444
2422851.562 2890000 1896.882512
2428710.938 2890000 478.9208344
2434570.312 2890000 -1006.575181
2440429.688 2890000 -2527.359986
2446289.062 2890000 -4246.460488
2452148.438 2890000 -6148.306917
2458007.812 2890000 -8026.066477
2463867.188 2890000 -9849.958945
2469726.562 2890000 -11818.55943
2475585.938 2890000 -13820.3441
2481445.312 2890000 -15644.29132
2487304.688 2890000 -17166.49619
2493164.062 2890000 -18360.84347
2499023.438 2890000 -19552.31857
2504882.812 2890000 -20164.83046
2510742.188 2890000 -19087.13364
2516601.562 2890000 -17555.02677
2522460.938 2890000 -15760.33794
2528320.312 2890000 -13732.73239
2534179.688 2890000 -11577.08537
2540039.062 2890000 -9352.426816
2545898.438 2890000 -7115.603072
2551757.812 2890000 -4913.459145
2557617.188 2890000 -2786.001794
2563476.562 2890000 -766.091129
2569335.938 2890000 1119.88302
2575195.312 2890000 2851.549446
2581054.688 2890000 4413.946301
2586914.062 2890000 5797.019009
2592773.438 2890000 6995.112871
2598632.812 2890000 8006.490026
2604492.188 2890000 8832.873582
2610351.562 2890000 9479.00415
2616210.938 2890000 9952.169274
2622070.312 2890000 10261.7594
2627929.688 2890000 10418.82338
2633789.062 2890000 10435.67935
2639648.438 2890000 10325.53529
2645507.812 2890000 10102.16312
2651367.188 2890000 9779.591819
2657226.562 2890000 9371.833435
2663085.938 2890000 8892.640639
2668945.312 2890000 8355.301684
2674804.688 2890000 7772.473474
2680664.062 2890000 7156.060238
2686523.438 2890000 6517.149383
2692382.812 2890000 5865.96171
2698242.188 2890000 5211.829053
2704101.562 2890000 4563.185477
2709960.938 2890000 3927.549413
2715820.312 2890000 3311.519375
2721679.688 2890000 2720.788523
2727539.062 2890000 2160.148627
2733398.438 2890000 1633.525476
2739257.812 2890000 1144.011657
2745117.188 2890000 693.9100919
2750976.562 2890000 284.7819582
2756835.938 2890000 -82.50147349
2762695.312 2890000 -407.7062535
2768554.688 2890000 -691.1795434
2774414.062 2890000 -933.7846529
2780273.438 2890000 -1136.840108
2786132.812 2890000 -1302.057663
2791992.188 2890000 -1431.477165
2797851.562 2890000 -1527.406237
2803710.938 2890000 -1592.361934
2809570.312 2890000 -1629.011175
2815429.688 2890000 -1640.118812
2821289.062 2890000 -1628.493715
2827148.438 2890000 -1596.947471
2833007.812 2890000 -1548.252058
2838867.188 2890000 -1485.10691
2844726.562 2890000 -1410.104193
2850585.938 2890000 -1325.704832
2856445.312 2890000 -1234.213664
2862304.688 2890000 -1137.769679
2868164.062 2890000 -1038.327671
2874023.438 2890000 -937.6511529
2879882.812 2890000 -837.3093026
2885742.188 2890000 -738.6768687
2891601.562 2890000 -642.9349323
2897460.938 2890000 -551.0770875
2903320.312 2890000 -463.9175028
2909179.688 2890000 -382.0988855
2915039.062 2890000 -306.1057016
2920898.438 2890000 -236.2717896
2926757.812 2890000 -172.7960521
2932617.188 2890000 -115.7584666
2938476.562 2890000 -65.12953041
2944335.938 2890000 -20.78800647
2950195.312 2890000 17.46788775
2956054.688 2890000 49.90664816
2961914.062 2890000 76.84915924
2967773.438 2890000 98.65721888
2973632.812 2890000 115.724094
2979492.188 2890000 128.4625332
2985351.562 2890000 137.297647
2991210.938 2890000 142.6575713
2997070.312 2890000 144.9649467
3002929.688 2890000 144.6334943
3008789.062 2890000 142.0599435
3014648.438 2890000 137.6217147
3020507.812 2890000 131.6749073
3026367.188 2890000 124.5501016
3032226.562 2890000 116.5510744
3038085.938 2890000 107.9541327
3043945.312 2890000 99.00855815
3049804.688 2890000 89.93604085
3055664.062 2890000 80.93033788
3061523.438 2890000 72.16086111
3067382.812 2890000 63.77100366
3073242.188 2890000 55.88089574
3079101.562 2890000 48.58816823
3084960.938 2890000 41.97049559
3090820.312 2890000 36.08671664
3096679.688 2890000 30.97862273
3102539.062 2890000 26.67250832
3108398.438 2890000 23.18170608
3114257.812 2890000 20.50934614
3120117.188 2890000 18.64756453
3125976.562 2890000 17.57933077
3131835.938 2890000 17.28120027
3137695.312 2890000 17.72420596
3143554.688 2890000 18.87452239
3149414.062 2890000 20.69449137
3155273.438 2890000 23.14288682
3161132.812 2890000 26.17696827
3166992.188 2890000 29.75306198
3172851.562 2890000 33.82742106
3178710.938 2890000 38.3562658
3184570.312 2890000 43.29627529
3190429.688 2890000 48.60414619
3196289.062 2890000 54.23879147
3202148.438 2890000 60.16016899
3208007.812 2890000 66.32981418
3213867.188 2890000 72.71182826
3219726.562 2890000 79.2717171
3225585.938 2890000 85.97644543
3231445.312 2890000 92.7949817
3237304.688 2890000 99.69848925
3243164.062 2890000 106.6597319
3249023.438 2890000 113.6536999
3254882.812 2890000 120.6564004
3260742.188 2890000 127.644804
3266601.562 2890000 134.5965677
3272460.938 2890000 141.4886942
3278320.312 2890000 148.3000758
3284179.688 2890000 155.0112579
3290039.062 2890000 161.6048096
3295898.438 2890000 168.0669585
3301757.812 2890000 174.3876015
3307617.188 2890000 180.5578881
3313476.562 2890000 186.5709899
3319335.938 2890000 192.422793
3325195.312 2890000 198.1111074
3331054.688 2890000 203.635474
3336914.062 2890000 208.9980783
3342773.438 2890000 214.2035178
3348632.812 2890000 219.2571807
3354492.188 2890000 224.1660496
3360351.562 2890000 228.9391782
3366210.938 2890000 233.5874046
3372070.312 2890000 238.1226064
3377929.688 2890000 242.5584007
3383789.062 2890000 246.907974
3389648.438 2890000 251.1849976
3395507.812 2890000 255.4046762
3401367.188 2890000 259.5819086
3407226.562 2890000 263.731943
3413085.938 2890000 267.8682269
3418945.312 2890000 272.0037532
3424804.688 2890000 276.1514005
3430664.062 2890000 280.3240395
3436523.438 2890000 284.5340747
3442382.812 2890000 288.7918103
3448242.188 2890000 293.1064433
3454101.562 2890000 297.4857176
3459960.938 2890000 301.9371662
3465820.312 2890000 306.4674334
3471679.688 2890000 311.0811313
3477539.062 2890000 315.7819391
3483398.438 2890000 320.5718572
3489257.812 2890000 325.4527452
3495117.188 2890000 330.4250232
3500976.562 2890000 335.4879517
3506835.938 2890000 340.6399812
3512695.312 2890000 345.8785565
3518554.688 2890000 351.2000365
3524414.062 2890000 356.6004578
3530273.438 2890000 362.0753903
3536132.812 2890000 367.6190028
3541992.188 2890000 373.2259088
3547851.562 2890000 378.8894026
3553710.938 2890000 384.6024157
3559570.312 2890000 390.3578039
3565429.688 2890000 396.1483057
3571289.062 2890000 401.964343
3577148.438 2890000 407.7962506
3583007.812 2890000 413.6370493
3588867.188 2890000 419.4792899
3594726.562 2890000 425.3171388
3600585.938 2890000 431.1448298
3606445.312 2890000 436.957438
3612304.688 2890000 442.7503289
3618164.062 2890000 448.5187297
3624023.438 2890000 454.2581152
3629882.812 2890000 459.9641602
3635742.188 2890000 465.6334277
3641601.562 2890000 471.262596
3647460.938 2890000 476.8500685
3653320.312 2890000 482.3958638
3659179.688 2890000 487.9013127
3665039.062 2890000 493.3693674
3670898.438 2890000 498.8038075
3676757.812 2890000 504.2098218
3682617.188 2890000 509.5934241
3688476.562 2890000 514.960183
3694335.938 2890000 520.3158379
3700195.312 2890000 525.66592
3706054.688 2890000 531.0154243
3711914.062 2890000 536.369535
3717773.438 2890000 541.7328051
3723632.812 2890000 547.109434
3729492.188 2890000 552.5037058
3735351.562 2890000 557.9190689
3741210.938 2890000 563.3587891
3747070.312 2890000 568.8259447
3752929.688 2890000 574.3238088
3758789.062 2890000 579.8558713
3764648.438 2890000 585.4256436
3770507.812 2890000 591.0369153
3776367.188 2890000 596.6940588
3782226.562 2890000 602.4009567
3788085.938 2890000 608.1618205
3793945.312 2890000 613.9804917
3799804.688 2890000 619.8607167
3805664.062 2890000 625.8063407
3811523.438 2890000 631.8208846
3817382.812 2890000 637.9073592
3823242.188 2890000 644.0686503
3829101.562 2890000 650.3069489
3834960.938 2890000 656.6233458
3840820.312 2890000 663.0182366
3846679.688 2890000 669.4905756
3852539.062 2890000 676.0380219
3858398.438 2890000 682.6562994
3864257.812 2890000 689.3394058
3870117.188 2890000 696.0802451
3875976.562 2890000 702.8689426
3881835.938 2890000 709.6943179
3887695.312 2890000 716.5434716
3893554.688 2890000 723.4012234
3899414.062 2890000 730.25151
3905273.438 2890000 737.077213
3911132.812 2890000 743.8621373
3916992.188 2890000 750.5926188
3922851.562 2890000 757.2588229
3928710.938 2890000 763.8548659
3934570.312 2890000 770.3781744
3940429.688 2890000 776.8281031
3946289.062 2890000 783.2052495
3952148.438 2890000 789.5128057
3958007.812 2890000 795.7543478
3963867.188 2890000 801.9355603
3969726.562 2890000 808.0636631
3975585.938 2890000 814.1463655
3981445.312 2890000 820.1928991
3987304.688 2890000 826.2130159
3993164.062 2890000 832.2186692
3999023.438 2890000 838.2237996
4004882.812 2890000 844.2457881
4010742.188 2890000 850.3054013
4016601.562 2890000 856.4259266
4022460.938 2890000 862.6326982
4028320.312 2890000 868.9519047
4034179.688 2890000 875.4103505
4040039.062 2890000 882.03316
4045898.438 2890000 888.8449934
4051757.812 2890000 895.8687517
4057617.188 2890000 903.1246727
4063476.562 2890000 910.629854
4069335.938 2890000 918.3970981
4075195.312 2890000 926.4350983
4081054.688 2890000 934.7445284
4086914.062 2890000 943.320962
4092773.438 2890000 952.151536
4098632.812 2890000 961.2117801
4104492.188 2890000 970.4683541
4110351.562 2890000 979.876592
4116210.938 2890000 989.3775066
4122070.312 2890000 998.9046955
4127929.688 2890000 1008.387602
4133789.062 2890000 1017.766148
4139648.438 2890000 1026.999321
4145507.812 2890000 1036.057158
4151367.188 2890000 1044.91313
4157226.562 2890000 1053.541184
4163085.938 2890000 1061.917666
4168945.312 2890000 1070.020032
4174804.688 2890000 1077.828007
4180664.062 2890000 1085.327582
4186523.438 2890000 1092.510945
4192382.812 2890000 1099.380225
4198242.188 2890000 1105.955362
4204101.562 2890000 1112.283856
4209960.938 2890000 1118.440246
4215820.312 2890000 1124.51766
4221679.688 2890000 1130.618285
4227539.062 2890000 1136.842919
4233398.438 2890000 1143.289948
4239257.812 2890000 1150.04974
4245117.188 2890000 1157.198899
4250976.562 2890000 1164.80235
4256835.938 2890000 1172.915929
4262695.312 2890000 1181.588026
4268554.688 2890000 1190.863132
4274414.062 2890000 1200.780835
4280273.438 2890000 1211.36933
4286132.812 2890000 1222.619611
4291992.188 2890000 1234.440166
4297851.562 2890000 1246.73377
4303710.938 2890000 1259.538444
4309570.312 2890000 1273.007188
4315429.688 2890000 1287.335361
4321289.062 2890000 1302.800896
4327148.438 2890000 1319.824093
4333007.812 2890000 1339.039952
4338867.188 2890000 1361.355408
4344726.562 2890000 1388.059369
4350585.938 2890000 1421.154054
4356445.312 2890000 1463.724111
4362304.688 2890000 1520.063155
4368164.062 2890000 1595.68831
4374023.438 2890000 1697.251227
4379882.812 2890000 1832.040034
4385742.188 2890000 2006.539064
4391601.562 2890000 2223.790663
4397460.938 2890000 2476.10471
4403320.312 2890000 2723.824075
4409179.688 2890000 2793.885495
4415039.062 2890000 2374.275682
4420898.438 2890000 1929.420767
4426757.812 2890000 2193.238667
4432617.188 2890000 2662.11254
4438476.562 2890000 3178.866354
4444335.938 2890000 3730.752498
4450195.312 2890000 3846.20168
4456054.688 2890000 3791.649421
4461914.062 2890000 3947.394017
4467773.438 2890000 4307.668814
4473632.812 2890000 4710.310488
4479492.188 2890000 5011.061085
4485351.562 2890000 5239.138201
4491210.938 2890000 5256.997418
4497070.312 2890000 4209.593299
