# x y surface topography
46875 2890000 2509.065005
140625 2890000 2649.157623
234375 2890000 2551.320027
328125 2890000 2182.593824
421875 2890000 1766.203717
515625 2890000 1425.515564
609375 2890000 1155.008551
703125 2890000 914.5904945
796875 2890000 664.0883965
890625 2890000 367.6357288
984375 2890000 23.32087876
1078125 2890000 -359.2494415
1171875 2890000 -852.7900363
1265625 2890000 -1600.640093
1359375 2890000 -2854.050697
1453125 2890000 -5121.224771
1546875 2890000 -9519.573773
1640625 2890000 -18556.31939
1734375 2890000 -37605.95387
1828125 2890000 -77744.74702
1921875 2890000 -160803.4614
2015625 2890000 -327934.7762
2109375 2890000 -621865.431
2203125 2890000 -697969.2194
2296875 2890000 -290526.044
2390625 2890000 -199092.8527
2484375 2890000 338925.2527
2578125 2890000 389484.8494
2671875 2890000 425489.0125
2765625 2890000 477541.5336
2859375 2890000 330045.6348
2953125 2890000 206419.7207
3046875 2890000 126247.492
3140625 2890000 75527.16101
3234375 2890000 44295.68714
3328125 2890000 25638.83375
3421875 2890000 14863.99563
3515625 2890000 8878.901097
3609375 2890000 5697.979417
3703125 2890000 4096.599256
3796875 2890000 3434.299917
3890625 2890000 3365.001192
3984375 2890000 3543.533888
4078125 2890000 3807.538809
4171875 2890000 4489.260528
4265625 2890000 5931.777454
4359375 2890000 7554.245902
4453125 2890000 7903.424376
