# x y bottom topography
46875 0 -11.39488424
140625 0 -11.9402333
234375 0 -13.01990559
328125 0 -14.61250172
421875 0 -16.68599463
515625 0 -19.19824811
609375 0 -22.09767051
703125 0 -25.32394599
796875 0 -28.80924465
890625 0 -32.47901843
984375 0 -36.25372886
1078125 0 -40.05063588
1171875 0 -43.78541133
1265625 0 -47.37419482
1359375 0 -50.7358706
1453125 0 -53.7938745
1546875 0 -56.47808586
1640625 0 -58.72664945
1734375 0 -60.48719882
1828125 0 -61.71784463
1921875 0 -62.38801251
2015625 0 -62.47858119
2109375 0 -61.98188553
2203125 0 -60.90155238
2296875 0 -59.2519117
2390625 0 -57.05726413
2484375 0 -54.35099719
2578125 0 -51.1747482
2671875 0 -47.57720823
2765625 0 -43.61302494
2859375 0 -39.3416285
2953125 0 -34.82614408
3046875 0 -30.13219801
3140625 0 -25.32674277
3234375 0 -20.47715563
3328125 0 -15.65019139
3421875 0 -10.91107601
3515625 0 -6.322675532
3609375 0 -1.944957023
3703125 0 2.165874043
3796875 0 5.957795092
3890625 0 9.38345192
3984375 0 12.40057516
4078125 0 14.97232662
4171875 0 17.06764816
4265625 0 18.66132461
4359375 0 19.73444992
4453125 0 20.27424493
