# x y surface topography
123046.875 2890000 1613.283653
134765.625 2890000 1583.29737
146484.375 2890000 1564.458231
158203.125 2890000 1546.675581
169921.875 2890000 1529.918968
181640.625 2890000 1517.451148
193359.375 2890000 1512.361182
4388671.875 2890000 1545.783395
4400390.625 2890000 1437.954989
4412109.375 2890000 1345.421827
4423828.125 2890000 1312.885781
4435546.875 2890000 1466.78801
2929.6875 2890000 2017.467678
8789.0625 2890000 1987.340397
14648.4375 2890000 1956.868868
20507.8125 2890000 1931.436034
26367.1875 2890000 1908.83739
32226.5625 2890000 1888.070183
38085.9375 2890000 1868.303321
43945.3125 2890000 1849.969154
49804.6875 2890000 1834.361299
55664.0625 2890000 1820.397545
61523.4375 2890000 1806.739605
67382.8125 2890000 1792.963965
73242.1875 2890000 1778.798607
79101.5625 2890000 1765.102313
84960.9375 2890000 1752.781671
90820.3125 2890000 1740.972872
96679.6875 2890000 1728.197277
102539.0625 2890000 1713.696617
108398.4375 2890000 1697.035819
114257.8125 2890000 1668.844897
202148.4375 2890000 1525.197112
208007.8125 2890000 1529.30742
213867.1875 2890000 1524.416666
219726.5625 2890000 1519.961082
225585.9375 2890000 1513.686648
231445.3125 2890000 1506.274241
237304.6875 2890000 1497.989665
243164.0625 2890000 1489.228407
249023.4375 2890000 1480.255328
254882.8125 2890000 1471.268657
260742.1875 2890000 1462.396175
266601.5625 2890000 1453.715196
272460.9375 2890000 1445.266567
278320.3125 2890000 1437.058565
284179.6875 2890000 1429.061452
290039.0625 2890000 1421.224627
295898.4375 2890000 1413.501305
301757.8125 2890000 1405.852828
307617.1875 2890000 1398.25038
313476.5625 2890000 1390.677662
319335.9375 2890000 1383.125519
325195.3125 2890000 1375.587539
331054.6875 2890000 1368.058299
336914.0625 2890000 1360.531748
342773.4375 2890000 1353.000501
348632.8125 2890000 1345.458522
354492.1875 2890000 1337.90074
360351.5625 2890000 1330.321508
366210.9375 2890000 1322.715885
372070.3125 2890000 1315.083751
377929.6875 2890000 1307.429821
383789.0625 2890000 1299.762927
389648.4375 2890000 1292.094252
395507.8125 2890000 1284.4365
401367.1875 2890000 1276.799369
407226.5625 2890000 1269.187001
413085.9375 2890000 1261.59479
418945.3125 2890000 1254.011625
424804.6875 2890000 1246.426451
430664.0625 2890000 1238.831291
436523.4375 2890000 1231.222732
442382.8125 2890000 1223.603329
448242.1875 2890000 1215.982375
454101.5625 2890000 1208.374062
459960.9375 2890000 1200.79698
465820.3125 2890000 1193.27211
471679.6875 2890000 1185.822768
477539.0625 2890000 1178.473129
483398.4375 2890000 1171.246037
489257.8125 2890000 1164.161137
495117.1875 2890000 1157.23087
500976.5625 2890000 1150.452166
506835.9375 2890000 1143.804085
512695.3125 2890000 1137.255832
518554.6875 2890000 1130.77455
524414.0625 2890000 1124.328741
530273.4375 2890000 1117.890226
536132.8125 2890000 1111.434308
541992.1875 2890000 1104.941026
547851.5625 2890000 1098.395649
553710.9375 2890000 1091.786495
559570.3125 2890000 1085.10329
565429.6875 2890000 1078.336194
571289.0625 2890000 1071.477855
577148.4375 2890000 1064.523606
583007.8125 2890000 1057.471425
588867.1875 2890000 1050.32138
594726.5625 2890000 1043.074894
600585.9375 2890000 1035.7365
606445.3125 2890000 1028.312733
612304.6875 2890000 1020.813235
618164.0625 2890000 1013.249829
624023.4375 2890000 1005.635079
629882.8125 2890000 997.981113
635742.1875 2890000 990.299299
641601.5625 2890000 982.6025872
647460.9375 2890000 974.9044832
653320.3125 2890000 967.2174331
659179.6875 2890000 959.5507613
665039.0625 2890000 951.9087647
670898.4375 2890000 944.2903699
676757.8125 2890000 936.6908645
682617.1875 2890000 929.1035545
688476.5625 2890000 921.5196855
694335.9375 2890000 913.9304995
700195.3125 2890000 906.328466
706054.6875 2890000 898.7072217
711914.0625 2890000 891.063974
717773.4375 2890000 883.3990551
723632.8125 2890000 875.7153107
729492.1875 2890000 868.0181843
735351.5625 2890000 860.3157548
741210.9375 2890000 852.6183327
747070.3125 2890000 844.9392357
752929.6875 2890000 837.2927805
758789.0625 2890000 829.6929941
764648.4375 2890000 822.1543809
770507.8125 2890000 814.690643
776367.1875 2890000 807.3124819
782226.5625 2890000 800.0230034
788085.9375 2890000 792.8163888
793945.3125 2890000 785.6787412
799804.6875 2890000 778.5916801
805664.0625 2890000 771.5365126
811523.4375 2890000 764.4944862
817382.8125 2890000 757.448005
823242.1875 2890000 750.3806516
829101.5625 2890000 743.2791306
834960.9375 2890000 736.1327263
840820.3125 2890000 728.9326184
846679.6875 2890000 721.6719362
852539.0625 2890000 714.3446133
858398.4375 2890000 706.9472163
864257.8125 2890000 699.4755985
870117.1875 2890000 691.9256898
875976.5625 2890000 684.2943585
881835.9375 2890000 676.5796723
887695.3125 2890000 668.7816443
893554.6875 2890000 660.9001763
899414.0625 2890000 652.935764
905273.4375 2890000 644.8899549
911132.8125 2890000 636.7654664
916992.1875 2890000 628.5669888
922851.5625 2890000 620.299522
928710.9375 2890000 611.9682828
934570.3125 2890000 603.579271
940429.6875 2890000 595.138139
946289.0625 2890000 586.6509948
952148.4375 2890000 578.1249038
958007.8125 2890000 569.567982
963867.1875 2890000 560.9876367
969726.5625 2890000 552.3910492
975585.9375 2890000 543.7844392
981445.3125 2890000 535.1732022
987304.6875 2890000 526.5603411
993164.0625 2890000 517.9455684
999023.4375 2890000 509.3245275
1004882.812 2890000 500.6907307
1010742.188 2890000 492.0369424
1016601.562 2890000 483.3554372
1022460.938 2890000 474.6389929
1028320.312 2890000 465.8804602
1034179.688 2890000 457.0735395
1040039.062 2890000 448.213631
1045898.438 2890000 439.2980915
1051757.812 2890000 430.3274328
1057617.188 2890000 421.3040971
1063476.562 2890000 412.233166
1069335.938 2890000 403.1212215
1075195.312 2890000 393.9773338
1081054.688 2890000 384.8139496
1086914.062 2890000 375.6455802
1092773.438 2890000 366.48838
1098632.812 2890000 357.358372
1104492.188 2890000 348.2724104
1110351.562 2890000 339.2472078
1116210.938 2890000 330.2979935
1122070.312 2890000 321.4364676
1127929.688 2890000 312.6684725
1133789.062 2890000 303.9932091
1139648.438 2890000 295.4034426
1145507.812 2890000 286.8870967
1151367.188 2890000 278.4294528
1157226.562 2890000 270.0145484
1163085.938 2890000 261.6258561
1168945.312 2890000 253.2472026
1174804.688 2890000 244.8636438
1180664.062 2890000 236.4618701
1186523.438 2890000 228.0302673
1192382.812 2890000 219.5579424
1198242.188 2890000 211.0353126
1204101.562 2890000 202.4543078
1209960.938 2890000 193.8090221
1215820.312 2890000 185.0946161
1221679.688 2890000 176.3064729
1227539.062 2890000 167.4401102
1233398.438 2890000 158.4912436
1239257.812 2890000 149.4576071
1245117.188 2890000 140.3371981
1250976.562 2890000 131.1286982
1256835.938 2890000 121.8316327
1262695.312 2890000 112.4454355
1268554.688 2890000 102.9701053
1274414.062 2890000 93.40673388
1280273.438 2890000 83.75720304
1286132.812 2890000 74.02457536
1291992.188 2890000 64.21277514
1297851.562 2890000 54.32597118
1303710.938 2890000 44.36882441
1309570.312 2890000 34.34815317
1315429.688 2890000 24.27112258
1321289.062 2890000 14.14504609
1327148.438 2890000 3.978178408
1333007.812 2890000 -6.220212383
1338867.188 2890000 -16.44042803
1344726.562 2890000 -26.67308508
1350585.938 2890000 -36.90852724
1356445.312 2890000 -47.13888448
1362304.688 2890000 -57.35863573
1368164.062 2890000 -67.56378676
1374023.438 2890000 -77.75185571
1379882.812 2890000 -87.92283479
1385742.188 2890000 -98.08025511
1391601.562 2890000 -108.2312366
1397460.938 2890000 -118.3843061
1403320.312 2890000 -128.5465102
1409179.688 2890000 -138.7243646
1415039.062 2890000 -148.9252704
1420898.438 2890000 -159.157509
1426757.812 2890000 -169.4283851
1432617.188 2890000 -179.7430838
1438476.562 2890000 -190.1039272
1444335.938 2890000 -200.510548
1450195.312 2890000 -210.9633363
1456054.688 2890000 -221.4604299
1461914.062 2890000 -231.9985593
1467773.438 2890000 -242.5721559
1473632.812 2890000 -253.172812
1479492.188 2890000 -263.7893171
1485351.562 2890000 -274.4081503
1491210.938 2890000 -285.015582
1497070.312 2890000 -295.5968135
1502929.688 2890000 -306.1359445
1508789.062 2890000 -316.6166143
1514648.438 2890000 -327.0242752
1520507.812 2890000 -337.3471516
1526367.188 2890000 -347.5766989
1532226.562 2890000 -357.7079889
1538085.938 2890000 -367.7414336
1543945.312 2890000 -377.6823283
1549804.688 2890000 -387.5424213
1555664.062 2890000 -397.3365915
1561523.438 2890000 -407.0820282
1567382.812 2890000 -416.7975701
1573242.188 2890000 -426.5035988
1579101.562 2890000 -436.2196996
1584960.938 2890000 -445.9653572
1590820.312 2890000 -455.7598922
1596679.688 2890000 -465.6201468
1602539.062 2890000 -475.5609157
1608398.438 2890000 -485.5951363
1614257.812 2890000 -495.7336075
1620117.188 2890000 -505.985347
1625976.562 2890000 -516.3567155
1631835.938 2890000 -526.8512174
1637695.312 2890000 -537.471304
1643554.688 2890000 -548.2185316
1649414.062 2890000 -559.0932361
1655273.438 2890000 -570.0949151
1661132.812 2890000 -581.2234233
1666992.188 2890000 -592.477229
1672851.562 2890000 -603.8538154
1678710.938 2890000 -615.3501747
1684570.312 2890000 -626.9643588
1690429.688 2890000 -638.6935519
1696289.062 2890000 -650.5354795
1702148.438 2890000 -662.4884656
1708007.812 2890000 -674.5510216
1713867.188 2890000 -686.7231722
1719726.562 2890000 -699.0074427
1725585.938 2890000 -711.4070246
1731445.312 2890000 -723.9269997
1737304.688 2890000 -736.5751464
1743164.062 2890000 -749.3616192
1749023.438 2890000 -762.2981998
1754882.812 2890000 -775.3991381
1760742.188 2890000 -788.6803393
1766601.562 2890000 -802.160163
1772460.938 2890000 -815.8593898
1778320.312 2890000 -829.7998446
1784179.688 2890000 -844.0057369
1790039.062 2890000 -858.5040631
1795898.438 2890000 -873.3230314
1801757.812 2890000 -888.4914907
1807617.188 2890000 -904.0395769
1813476.562 2890000 -919.9982314
1819335.938 2890000 -936.4001174
1825195.312 2890000 -953.276754
1831054.688 2890000 -970.6576145
1836914.062 2890000 -988.5695515
1842773.438 2890000 -1007.035396
1848632.812 2890000 -1026.072075
1854492.188 2890000 -1045.687764
1860351.562 2890000 -1065.88031
1866210.938 2890000 -1086.63662
1872070.312 2890000 -1107.930161
1877929.688 2890000 -1129.720566
1883789.062 2890000 -1151.952954
1889648.438 2890000 -1174.556832
1895507.812 2890000 -1197.446365
1901367.188 2890000 -1220.520392
1907226.562 2890000 -1243.661286
1913085.938 2890000 -1266.73688
1918945.312 2890000 -1289.600644
1924804.688 2890000 -1312.092567
1930664.062 2890000 -1334.042465
1936523.438 2890000 -1355.272086
1942382.812 2890000 -1375.598901
1948242.188 2890000 -1394.839872
1954101.562 2890000 -1412.815614
1959960.938 2890000 -1429.354844
1965820.312 2890000 -1444.301707
1971679.688 2890000 -1457.521382
1977539.062 2890000 -1468.90702
1983398.438 2890000 -1478.386273
1989257.812 2890000 -1485.926315
1995117.188 2890000 -1491.543452
2000976.562 2890000 -1495.310635
2006835.938 2890000 -1497.364905
2012695.312 2890000 -1497.915243
2018554.688 2890000 -1497.245895
2024414.062 2890000 -1495.722587
2030273.438 2890000 -1493.796252
2036132.812 2890000 -1492.005414
2041992.188 2890000 -1490.980184
2047851.562 2890000 -1491.441241
2053710.938 2890000 -1494.197971
2059570.312 2890000 -1500.146287
2065429.688 2890000 -1510.264147
2071289.062 2890000 -1525.60619
2077148.438 2890000 -1547.294017
2083007.812 2890000 -1576.507718
2088867.188 2890000 -1614.466153
2094726.562 2890000 -1662.416856
2100585.938 2890000 -1721.614731
2106445.312 2890000 -1793.299972
2112304.688 2890000 -1878.677094
2118164.062 2890000 -1978.884855
2124023.438 2890000 -2094.972872
2129882.812 2890000 -2227.866512
2135742.188 2890000 -2378.332481
2141601.562 2890000 -2546.943649
2147460.938 2890000 -2734.051636
2153320.312 2890000 -2939.745726
2159179.688 2890000 -3163.820391
2165039.062 2890000 -3405.741834
2170898.438 2890000 -3664.620027
2176757.812 2890000 -3939.183503
2182617.188 2890000 -4227.75568
2188476.562 2890000 -4528.238075
2194335.938 2890000 -4838.098373
2200195.312 2890000 -5154.364775
2206054.688 2890000 -5473.628806
2211914.062 2890000 -5792.054579
2217773.438 2890000 -6105.396166
2223632.812 2890000 -6409.023462
2229492.188 2890000 -6697.957928
2235351.562 2890000 -6966.916463
2241210.938 2890000 -7210.363011
2247070.312 2890000 -7422.566804
2252929.688 2890000 -7597.665807
2258789.062 2890000 -7729.738076
2264648.438 2890000 -7812.876468
2270507.812 2890000 -7841.267387
2276367.188 2890000 -7809.281623
2282226.562 2890000 -7711.588835
2288085.938 2890000 -7543.300749
2293945.312 2890000 -7300.106606
2299804.688 2890000 -6978.494418
2305664.062 2890000 -6576.125846
2311523.438 2890000 -6092.091711
2317382.812 2890000 -5526.853138
2323242.188 2890000 -4882.55634
2329101.562 2890000 -4163.271258
2334960.938 2890000 -3374.775061
2340820.312 2890000 -2524.419369
2346679.688 2890000 -1621.080692
2352539.062 2890000 -675.1396618
2358398.438 2890000 301.3338449
2364257.812 2890000 1294.182837
2370117.188 2890000 2286.222314
2375976.562 2890000 3293.919032
2381835.938 2890000 4429.700847
2387695.312 2890000 5333.266129
2393554.688 2890000 5477.962265
2399414.062 2890000 5087.675966
2405273.438 2890000 4421.726982
2411132.812 2890000 3630.415986
2416992.188 2890000 2728.380108
2422851.562 2890000 1705.666405
2428710.938 2890000 620.8342117
2434570.312 2890000 -490.4599567
2440429.688 2890000 -1604.416404
2446289.062 2890000 -2837.534943
2452148.438 2890000 -4161.803249
2458007.812 2890000 -5436.018696
2463867.188 2890000 -6609.224407
2469726.562 2890000 -7815.132432
2475585.938 2890000 -8965.692144
2481445.312 2890000 -9914.168926
2487304.688 2890000 -10586.49301
2493164.062 2890000 -10967.11298
2499023.438 2890000 -11237.01408
2504882.812 2890000 -10974.2581
2510742.188 2890000 -9842.828888
2516601.562 2890000 -8571.622786
2522460.938 2890000 -7211.425772
2528320.312 2890000 -5812.006022
2534179.688 2890000 -4436.818855
2540039.062 2890000 -3121.292411
2545898.438 2890000 -1894.630004
2551757.812 2890000 -777.5400713
2557617.188 2890000 215.6786149
2563476.562 2890000 1076.59231
2569335.938 2890000 1801.718702
2575195.312 2890000 2391.761987
2581054.688 2890000 2850.86322
2586914.062 2890000 3185.89439
2592773.438 2890000 3405.824076
2598632.812 2890000 3521.153456
2604492.188 2890000 3543.407806
2610351.562 2890000 3484.686514
2616210.938 2890000 3357.278186
2622070.312 2890000 3173.336058
2627929.688 2890000 2944.604139
2633789.062 2890000 2682.20095
2639648.438 2890000 2396.45011
2645507.812 2890000 2096.752593
2651367.188 2890000 1791.502971
2657226.562 2890000 1488.040796
2663085.938 2890000 1192.635104
2668945.312 2890000 910.4943904
2674804.688 2890000 645.8004785
2680664.062 2890000 401.7600993
2686523.438 2890000 180.6734308
2692382.812 2890000 -15.98882656
2698242.188 2890000 -187.4994855
2704101.562 2890000 -333.7844992
2709960.938 2890000 -455.3305304
2715820.312 2890000 -553.094426
2721679.688 2890000 -628.4129014
2727539.062 2890000 -682.9190771
2733398.438 2890000 -718.4630464
2739257.812 2890000 -737.0402778
2745117.188 2890000 -740.7259395
2750976.562 2890000 -731.6175716
2756835.938 2890000 -711.785434
2762695.312 2890000 -683.2308286
2768554.688 2890000 -647.8509645
2774414.062 2890000 -607.4128386
2780273.438 2890000 -563.5327619
2786132.812 2890000 -517.6625504
2791992.188 2890000 -471.081013
2797851.562 2890000 -424.8909219
2803710.938 2890000 -380.0208051
2809570.312 2890000 -337.22869
2815429.688 2890000 -297.1106184
2821289.062 2890000 -260.1109105
2827148.438 2890000 -226.534519
2833007.812 2890000 -196.5606009
2838867.188 2890000 -170.2572005
2844726.562 2890000 -147.5960403
2850585.938 2890000 -128.4676025
2856445.312 2890000 -112.6955286
2862304.688 2890000 -100.0505903
2868164.062 2890000 -90.26395803
2874023.438 2890000 -83.03939947
2879882.812 2890000 -78.06409267
2885742.188 2890000 -75.0184808
2891601.562 2890000 -73.58480937
2897460.938 2890000 -73.45390597
2903320.312 2890000 -74.33151819
2909179.688 2890000 -75.9429418
2915039.062 2890000 -78.03656425
2920898.438 2890000 -80.38621174
2926757.812 2890000 -82.79322589
2932617.188 2890000 -85.08695457
2938476.562 2890000 -87.12434894
2944335.938 2890000 -88.78982757
2950195.312 2890000 -89.99373992
2956054.688 2890000 -90.67057344
2961914.062 2890000 -90.77694432
2967773.438 2890000 -90.28933731
2973632.812 2890000 -89.20109942
2979492.188 2890000 -87.52049029
2985351.562 2890000 -85.26768173
2991210.938 2890000 -82.47227821
2997070.312 2890000 -79.17158718
3002929.688 2890000 -75.40862573
3008789.062 2890000 -71.23063374
3014648.438 2890000 -66.68756121
3020507.812 2890000 -61.83046902
3026367.188 2890000 -56.71072131
3032226.562 2890000 -51.37849878
3038085.938 2890000 -45.88249623
3043945.312 2890000 -40.26905962
3049804.688 2890000 -34.57988435
3055664.062 2890000 -28.85312283
3061523.438 2890000 -23.12526638
3067382.812 2890000 -17.42760276
3073242.188 2890000 -11.78512207
3079101.562 2890000 -6.219920029
3084960.938 2890000 -0.7511780801
3090820.312 2890000 4.60854944
3096679.688 2890000 9.850108491
3102539.062 2890000 14.96737496
3108398.438 2890000 19.96017867
3114257.812 2890000 24.8325258
3120117.188 2890000 29.59043773
3125976.562 2890000 34.24332602
3131835.938 2890000 38.80329606
3137695.312 2890000 43.28471071
3143554.688 2890000 47.70405072
3149414.062 2890000 52.07644804
3155273.438 2890000 56.41694085
3161132.812 2890000 60.74237607
3166992.188 2890000 65.06846917
3172851.562 2890000 69.40912079
3178710.938 2890000 73.77859108
3184570.312 2890000 78.19006515
3190429.688 2890000 82.6539025
3196289.062 2890000 87.17906985
3202148.438 2890000 91.77293811
3208007.812 2890000 96.44064704
3213867.188 2890000 101.1861008
3219726.562 2890000 106.0109958
3225585.938 2890000 110.9142546
3231445.312 2890000 115.8945414
3237304.688 2890000 120.9493176
3243164.062 2890000 126.07284
3249023.438 2890000 131.2577506
3254882.812 2890000 136.4949702
3260742.188 2890000 141.7749548
3266601.562 2890000 147.0880051
3272460.938 2890000 152.4238177
3278320.312 2890000 157.7710359
3284179.688 2890000 163.1186686
3290039.062 2890000 168.4562017
3295898.438 2890000 173.7748562
3301757.812 2890000 179.0686481
3307617.188 2890000 184.3344452
3313476.562 2890000 189.5720011
3319335.938 2890000 194.7831347
3325195.312 2890000 199.9709526
3331054.688 2890000 205.1389214
3336914.062 2890000 210.2906396
3342773.438 2890000 215.4290808
3348632.812 2890000 220.5564327
3354492.188 2890000 225.6740458
3360351.562 2890000 230.7819361
3366210.938 2890000 235.878439
3372070.312 2890000 240.961772
3377929.688 2890000 246.0297102
3383789.062 2890000 251.0786023
3389648.438 2890000 256.104887
3395507.812 2890000 261.1055904
3401367.188 2890000 266.0782031
3407226.562 2890000 271.0218834
3413085.938 2890000 275.9383793
3418945.312 2890000 280.8317277
3424804.688 2890000 285.7085421
3430664.062 2890000 290.5779392
3436523.438 2890000 295.4499327
3442382.812 2890000 300.3355425
3448242.188 2890000 305.2463945
3454101.562 2890000 310.1929883
3459960.938 2890000 315.1851988
3465820.312 2890000 320.2334328
3471679.688 2890000 325.3469556
3477539.062 2890000 330.5327894
3483398.438 2890000 335.7967102
3489257.812 2890000 341.1435228
3495117.188 2890000 346.5765986
3500976.562 2890000 352.0974961
3506835.938 2890000 357.7048777
3512695.312 2890000 363.3968447
3518554.688 2890000 369.1701643
3524414.062 2890000 375.0188832
3530273.438 2890000 380.9358253
3536132.812 2890000 386.9114747
3541992.188 2890000 392.9338798
3547851.562 2890000 398.9889786
3553710.938 2890000 405.0604018
3559570.312 2890000 411.1297248
3565429.688 2890000 417.1772341
3571289.062 2890000 423.1829025
3577148.438 2890000 429.1292219
3583007.812 2890000 435.0038799
3588867.188 2890000 440.8008529
3594726.562 2890000 446.5213847
3600585.938 2890000 452.1717299
3606445.312 2890000 457.7610769
3612304.688 2890000 463.2992667
3618164.062 2890000 468.7956828
3624023.438 2890000 474.2579599
3629882.812 2890000 479.6905242
3635742.188 2890000 485.0961553
3641601.562 2890000 490.4758874
3647460.938 2890000 495.8280036
3653320.312 2890000 501.1488879
3659179.688 2890000 506.4329111
3665039.062 2890000 511.6751224
3670898.438 2890000 516.8722856
3676757.812 2890000 522.0230996
3682617.188 2890000 527.1319553
3688476.562 2890000 532.2093766
3694335.938 2890000 537.2708415
3700195.312 2890000 542.3370614
3706054.688 2890000 547.4306721
3711914.062 2890000 552.5744399
3717773.438 2890000 557.7913353
3723632.812 2890000 563.1034071
3729492.188 2890000 568.5311632
3735351.562 2890000 574.0928476
3741210.938 2890000 579.806299
3747070.312 2890000 585.6846611
3752929.688 2890000 591.7357297
3758789.062 2890000 597.9663923
3764648.438 2890000 604.3788132
3770507.812 2890000 610.9684445
3776367.188 2890000 617.727131
3782226.562 2890000 624.6419291
3788085.938 2890000 631.6917352
3793945.312 2890000 638.8477704
3799804.688 2890000 646.0748802
3805664.062 2890000 653.329696
3811523.438 2890000 660.5623582
3817382.812 2890000 667.7196642
3823242.188 2890000 674.7509308
3829101.562 2890000 681.6205881
3834960.938 2890000 688.310255
3840820.312 2890000 694.8162749
3846679.688 2890000 701.1477445
3852539.062 2890000 707.3199727
3858398.438 2890000 713.3469812
3864257.812 2890000 719.2405633
3870117.188 2890000 725.0118349
3875976.562 2890000 730.6679072
3881835.938 2890000 736.2124101
3887695.312 2890000 741.6471241
3893554.688 2890000 746.9713001
3899414.062 2890000 752.1872921
3905273.438 2890000 757.3034665
3911132.812 2890000 762.335276
3916992.188 2890000 767.3134339
3922851.562 2890000 772.2851863
3928710.938 2890000 777.3066554
3934570.312 2890000 782.4386826
3940429.688 2890000 787.7451716
3946289.062 2890000 793.2867423
3952148.438 2890000 799.119069
3958007.812 2890000 805.2927708
3963867.188 2890000 811.8489521
3969726.562 2890000 818.8199539
3975585.938 2890000 826.227218
3981445.312 2890000 834.0767153
3987304.688 2890000 842.3595363
3993164.062 2890000 851.0508811
3999023.438 2890000 860.1055757
4004882.812 2890000 869.4560634
4010742.188 2890000 879.0116145
4016601.562 2890000 888.6543103
4022460.938 2890000 898.2412636
4028320.312 2890000 907.619363
4034179.688 2890000 916.6510178
4040039.062 2890000 925.242082
4045898.438 2890000 933.3533441
4051757.812 2890000 940.9895789
4057617.188 2890000 948.1766905
4063476.562 2890000 954.9452727
4069335.938 2890000 961.3232136
4075195.312 2890000 967.3336852
4081054.688 2890000 972.9949968
4086914.062 2890000 978.3224095
4092773.438 2890000 983.3324564
4098632.812 2890000 988.0528416
4104492.188 2890000 992.5392416
4110351.562 2890000 996.8879571
4116210.938 2890000 1001.236981
4122070.312 2890000 1005.75392
4127929.688 2890000 1010.617876
4133789.062 2890000 1016.00517
4139648.438 2890000 1022.080678
4145507.812 2890000 1028.992132
4151367.188 2890000 1036.864222
4157226.562 2890000 1045.793616
4163085.938 2890000 1055.84339
4168945.312 2890000 1067.03661
4174804.688 2890000 1079.345923
4180664.062 2890000 1092.677008
4186523.438 2890000 1106.845568
4192382.812 2890000 1121.547836
4198242.188 2890000 1136.349658
4204101.562 2890000 1150.761997
4209960.938 2890000 1164.424141
4215820.312 2890000 1177.211614
4221679.688 2890000 1189.139444
4227539.062 2890000 1200.230826
4233398.438 2890000 1210.468209
4239257.812 2890000 1219.787312
4245117.188 2890000 1228.074521
4250976.562 2890000 1235.173567
4256835.938 2890000 1240.932782
4262695.312 2890000 1245.330566
4268554.688 2890000 1248.597155
4274414.062 2890000 1251.177975
4280273.438 2890000 1253.606428
4286132.812 2890000 1256.42873
4291992.188 2890000 1260.190817
4297851.562 2890000 1265.455174
4303710.938 2890000 1272.852088
4309570.312 2890000 1283.139752
4315429.688 2890000 1297.226798
4321289.062 2890000 1316.095264
4327148.438 2890000 1340.431693
4333007.812 2890000 1369.880042
4338867.188 2890000 1403.279545
4344726.562 2890000 1440.174195
4350585.938 2890000 1480.68747
4356445.312 2890000 1524.669521
4362304.688 2890000 1569.493373
4368164.062 2890000 1614.998041
4374023.438 2890000 1641.386708
4379882.812 2890000 1654.711921
4444335.938 2890000 2007.416852
4450195.312 2890000 2243.325737
4456054.688 2890000 2372.871933
4461914.062 2890000 2429.819109
4467773.438 2890000 2444.35146
4473632.812 2890000 2455.950769
4479492.188 2890000 2500.124922
4485351.562 2890000 2519.325731
4491210.938 2890000 2444.31094
4497070.312 2890000 2174.890247
