# x y bottom topography
1546875 0 -34.56436148
1640625 0 -36.64302799
1734375 0 -38.48187986
1828125 0 -40.05111171
1921875 0 -41.32929976
2015625 0 -42.30372155
2109375 0 -42.97024402
2203125 0 -43.33280167
2296875 0 -43.40256406
2390625 0 -43.19683725
2484375 0 -42.73793939
2578125 0 -42.05200871
2671875 0 -41.16774877
2765625 0 -40.11541244
2859375 0 -38.92587343
2953125 0 -37.62975203
46875 0 -4.336349466
140625 0 -4.641515305
234375 0 -5.249141755
328125 0 -6.153631072
421875 0 -7.346088385
515625 0 -8.813773602
609375 0 -10.53949536
703125 0 -12.50105748
796875 0 -14.67078529
890625 0 -17.01532513
984375 0 -19.49578752
1078125 0 -22.06818541
1171875 0 -24.68438836
1265625 0 -27.29351169
1359375 0 -29.84355064
1453125 0 -32.28329518
3046875 0 -36.25680702
3140625 0 -34.83550168
3234375 0 -33.39261247
3328125 0 -31.95300692
3421875 0 -30.53958779
3515625 0 -29.17322576
3609375 0 -27.872774
3703125 0 -26.65517103
3796875 0 -25.5354828
3890625 0 -24.52696898
3984375 0 -23.6411837
4078125 0 -22.88796574
4171875 0 -22.27551446
4265625 0 -21.81039673
4359375 0 -21.49759873
4453125 0 -21.3404017
