# x y bottom topography
46875 0 -4.422992053
140625 0 -4.796447475
234375 0 -5.53867181
328125 0 -6.640407288
421875 0 -8.087246846
515625 0 -9.859188368
609375 0 -11.93032104
703125 0 -14.26847092
796875 0 -16.83484306
890625 0 -19.58407986
984375 0 -22.46489104
1078125 0 -25.42082264
1171875 0 -28.39136442
1265625 0 -31.31399579
1359375 0 -34.12623777
1453125 0 -36.76770264
1546875 0 -39.18249671
1640625 0 -41.32154109
1734375 0 -43.14409162
1828125 0 -44.6190187
1921875 0 -45.72579769
2015625 0 -46.45453381
2109375 0 -46.80547244
2203125 0 -46.78842185
2296875 0 -46.42160777
2390625 0 -45.73014813
2484375 0 -44.74466842
2578125 0 -43.49992477
2671875 0 -42.03329469
2765625 0 -40.38348763
2859375 0 -38.58943464
2953125 0 -36.68945305
3046875 0 -34.72036565
3140625 0 -32.71703623
3234375 0 -30.71200843
3328125 0 -28.73522355
3421875 0 -26.8138972
3515625 0 -24.97255892
3609375 0 -23.23325805
3703125 0 -21.61547294
3796875 0 -20.13620965
3890625 0 -18.81041893
3984375 0 -17.65094738
4078125 0 -16.66848349
4171875 0 -15.87195003
4265625 0 -15.26846613
4359375 0 -14.86324734
4453125 0 -14.65973432
