# x y surface topography
2929.6875 2890000 2014.203091
8789.0625 2890000 1983.902345
14648.4375 2890000 1953.047575
20507.8125 2890000 1926.934814
26367.1875 2890000 1903.155814
32226.5625 2890000 1880.294309
38085.9375 2890000 1856.427644
43945.3125 2890000 1833.526203
49804.6875 2890000 1817.875724
55664.0625 2890000 1807.082203
61523.4375 2890000 1796.128825
67382.8125 2890000 1782.904956
73242.1875 2890000 1765.610747
79101.5625 2890000 1747.458973
84960.9375 2890000 1733.152774
90820.3125 2890000 1719.86429
96679.6875 2890000 1701.867604
102539.0625 2890000 1679.568819
108398.4375 2890000 1660.69088
114257.8125 2890000 1651.496236
120117.1875 2890000 1648.951509
125976.5625 2890000 1648.684561
131835.9375 2890000 1649.14009
137695.3125 2890000 1649.054454
143554.6875 2890000 1647.615614
149414.0625 2890000 1644.864845
155273.4375 2890000 1641.027649
161132.8125 2890000 1635.763859
166992.1875 2890000 1628.450704
172851.5625 2890000 1619.021171
178710.9375 2890000 1607.928552
184570.3125 2890000 1595.888252
190429.6875 2890000 1583.727039
196289.0625 2890000 1572.071978
202148.4375 2890000 1561.050548
208007.8125 2890000 1550.194943
213867.1875 2890000 1538.868383
219726.5625 2890000 1527.119559
225585.9375 2890000 1515.703271
231445.3125 2890000 1505.13822
237304.6875 2890000 1495.447079
243164.0625 2890000 1486.507423
249023.4375 2890000 1478.187335
254882.8125 2890000 1470.376576
260742.1875 2890000 1462.985704
266601.5625 2890000 1455.92406
272460.9375 2890000 1449.097886
278320.3125 2890000 1442.425777
284179.6875 2890000 1435.845655
290039.0625 2890000 1429.307209
295898.4375 2890000 1422.756816
301757.8125 2890000 1416.119335
307617.1875 2890000 1409.287967
313476.5625 2890000 1402.168559
319335.9375 2890000 1394.753654
325195.3125 2890000 1387.127548
331054.6875 2890000 1379.402305
336914.0625 2890000 1371.670035
342773.4375 2890000 1363.991846
348632.8125 2890000 1356.399195
354492.1875 2890000 1348.892797
360351.5625 2890000 1341.44564
366210.9375 2890000 1334.003026
372070.3125 2890000 1326.484398
377929.6875 2890000 1318.789521
383789.0625 2890000 1310.840766
389648.4375 2890000 1302.653998
395507.8125 2890000 1294.349737
401367.1875 2890000 1286.07447
407226.5625 2890000 1277.932314
413085.9375 2890000 1269.975824
418945.3125 2890000 1262.22184
424804.6875 2890000 1254.664017
430664.0625 2890000 1247.284568
436523.4375 2890000 1240.064175
442382.8125 2890000 1232.988809
448242.1875 2890000 1226.04477
454101.5625 2890000 1219.219024
459960.9375 2890000 1212.499217
465820.3125 2890000 1205.868363
471679.6875 2890000 1199.307256
477539.0625 2890000 1192.797778
483398.4375 2890000 1186.31794
489257.8125 2890000 1179.84396
495117.1875 2890000 1173.346546
500976.5625 2890000 1166.797627
506835.9375 2890000 1160.169395
512695.3125 2890000 1153.441048
518554.6875 2890000 1146.608418
524414.0625 2890000 1139.676752
530273.4375 2890000 1132.665047
536132.8125 2890000 1125.593113
541992.1875 2890000 1118.482834
547851.5625 2890000 1111.357093
553710.9375 2890000 1104.229371
559570.3125 2890000 1097.10288
565429.6875 2890000 1089.97996
571289.0625 2890000 1082.855811
577148.4375 2890000 1075.720377
583007.8125 2890000 1068.561507
588867.1875 2890000 1061.366732
594726.5625 2890000 1054.125381
600585.9375 2890000 1046.832873
606445.3125 2890000 1039.494675
612304.6875 2890000 1032.125842
618164.0625 2890000 1024.7463
624023.4375 2890000 1017.376976
629882.8125 2890000 1010.035675
635742.1875 2890000 1002.734718
641601.5625 2890000 995.4805538
647460.9375 2890000 988.2757413
653320.3125 2890000 981.1181174
659179.6875 2890000 974.001248
665039.0625 2890000 966.9158874
670898.4375 2890000 959.850553
676757.8125 2890000 952.7932604
682617.1875 2890000 945.7316358
688476.5625 2890000 938.6543771
694335.9375 2890000 931.5516255
700195.3125 2890000 924.4153974
706054.6875 2890000 917.2416911
711914.0625 2890000 910.0278619
717773.4375 2890000 902.7734888
723632.8125 2890000 895.4798109
729492.1875 2890000 888.1491601
735351.5625 2890000 880.7834788
741210.9375 2890000 873.3840287
747070.3125 2890000 865.9515771
752929.6875 2890000 858.4863103
758789.0625 2890000 850.9861285
764648.4375 2890000 843.4489299
770507.8125 2890000 835.8704146
776367.1875 2890000 828.2439116
782226.5625 2890000 820.5631489
788085.9375 2890000 812.8245723
793945.3125 2890000 805.0253935
799804.6875 2890000 797.1678615
805664.0625 2890000 789.2521172
811523.4375 2890000 781.2806403
817382.8125 2890000 773.2576648
823242.1875 2890000 765.1922736
829101.5625 2890000 757.0959758
834960.9375 2890000 748.9801029
840820.3125 2890000 740.8593571
846679.6875 2890000 732.7495847
852539.0625 2890000 724.6678877
858398.4375 2890000 716.631471
864257.8125 2890000 708.6543665
870117.1875 2890000 700.7450469
875976.5625 2890000 692.9032942
881835.9375 2890000 685.1203907
887695.3125 2890000 677.3771409
893554.6875 2890000 669.6552747
899414.0625 2890000 661.9328201
905273.4375 2890000 654.1964171
911132.8125 2890000 646.4373063
916992.1875 2890000 638.6463872
922851.5625 2890000 630.8182056
928710.9375 2890000 622.9490332
934570.3125 2890000 615.034402
940429.6875 2890000 607.0698951
946289.0625 2890000 599.0490195
952148.4375 2890000 590.9642607
958007.8125 2890000 582.8073195
963867.1875 2890000 574.569181
969726.5625 2890000 566.2424883
975585.9375 2890000 557.8190737
981445.3125 2890000 549.2955062
987304.6875 2890000 540.6704966
993164.0625 2890000 531.9442071
999023.4375 2890000 523.1198923
1004882.812 2890000 514.205473
1010742.188 2890000 505.2109923
1016601.562 2890000 496.1495789
1022460.938 2890000 487.0362266
1028320.312 2890000 477.8882597
1034179.688 2890000 468.7239566
1040039.062 2890000 459.5626176
1045898.438 2890000 450.422656
1051757.812 2890000 441.319624
1057617.188 2890000 432.2637927
1063476.562 2890000 423.2573651
1069335.938 2890000 414.2947705
1075195.312 2890000 405.3627993
1081054.688 2890000 396.4423562
1086914.062 2890000 387.5109985
1092773.438 2890000 378.5454775
1098632.812 2890000 369.5237331
1104492.188 2890000 360.4260822
1110351.562 2890000 351.2366384
1116210.938 2890000 341.9445824
1122070.312 2890000 332.5444641
1127929.688 2890000 323.0366055
1133789.062 2890000 313.4285381
1139648.438 2890000 303.7330136
1145507.812 2890000 293.9674242
1151367.188 2890000 284.1549568
1157226.562 2890000 274.3218717
1163085.938 2890000 264.4967962
1168945.312 2890000 254.7095678
1174804.688 2890000 244.9881593
1180664.062 2890000 235.3547304
1186523.438 2890000 225.8225053
1192382.812 2890000 216.3922489
1198242.188 2890000 207.052507
1204101.562 2890000 197.7815831
1209960.938 2890000 188.5523173
1215820.312 2890000 179.3371171
1221679.688 2890000 170.110377
1227539.062 2890000 160.8506856
1233398.438 2890000 151.5424671
1239257.812 2890000 142.175369
1245117.188 2890000 132.7442208
1250976.562 2890000 123.2478467
1256835.938 2890000 113.6875226
1262695.312 2890000 104.0661206
1268554.688 2890000 94.38672564
1274414.062 2890000 84.65024638
1280273.438 2890000 74.85814672
1286132.812 2890000 65.00904423
1291992.188 2890000 55.10076741
1297851.562 2890000 45.13165397
1303710.938 2890000 35.09641357
1309570.312 2890000 24.99059694
1315429.688 2890000 14.80843192
1321289.062 2890000 4.539499822
1327148.438 2890000 -5.819553139
1333007.812 2890000 -16.2702498
1338867.188 2890000 -26.81460974
1344726.562 2890000 -37.44774167
1350585.938 2890000 -48.16207399
1356445.312 2890000 -58.94891649
1362304.688 2890000 -69.79323631
1368164.062 2890000 -80.67936819
1374023.438 2890000 -91.58720709
1379882.812 2890000 -102.4954275
1385742.188 2890000 -113.3810193
1391601.562 2890000 -124.2174181
1397460.938 2890000 -134.9884757
1403320.312 2890000 -145.6854132
1409179.688 2890000 -156.3005122
1415039.062 2890000 -166.8426568
1420898.438 2890000 -177.3282773
1426757.812 2890000 -187.7799914
1432617.188 2890000 -198.2255134
1438476.562 2890000 -208.6945555
1444335.938 2890000 -219.216074
1450195.312 2890000 -229.8179079
1456054.688 2890000 -240.5272301
1461914.062 2890000 -251.3676275
1467773.438 2890000 -262.3536076
1473632.812 2890000 -273.4941857
1479492.188 2890000 -284.7950247
1485351.562 2890000 -296.2548944
1491210.938 2890000 -307.8661828
1497070.312 2890000 -319.615847
1502929.688 2890000 -331.4830232
1508789.062 2890000 -343.4454883
1514648.438 2890000 -355.4761154
1520507.812 2890000 -367.5461064
1526367.188 2890000 -379.6190105
1532226.562 2890000 -391.656942
1538085.938 2890000 -403.6271321
1543945.312 2890000 -415.5041667
1549804.688 2890000 -427.2717658
1555664.062 2890000 -438.9245103
1561523.438 2890000 -450.4693413
1567382.812 2890000 -461.9258151
1573242.188 2890000 -473.3216043
1579101.562 2890000 -484.6898325
1584960.938 2890000 -496.060327
1590820.312 2890000 -507.4624123
1596679.688 2890000 -518.9223645
1602539.062 2890000 -530.464066
1608398.438 2890000 -542.1074377
1614257.812 2890000 -553.8629241
1620117.188 2890000 -565.7374204
1625976.562 2890000 -577.7312254
1631835.938 2890000 -589.849595
1637695.312 2890000 -602.0960556
1643554.688 2890000 -614.474382
1649414.062 2890000 -626.9994002
1655273.438 2890000 -639.6964574
1661132.812 2890000 -652.583958
1666992.188 2890000 -665.6654451
1672851.562 2890000 -678.95856
1678710.938 2890000 -692.486937
1684570.312 2890000 -706.269853
1690429.688 2890000 -720.3224997
1696289.062 2890000 -734.6546535
1702148.438 2890000 -749.271616
1708007.812 2890000 -764.1767013
1713867.188 2890000 -779.3713575
1719726.562 2890000 -794.8550173
1725585.938 2890000 -810.624617
1731445.312 2890000 -826.6738568
1737304.688 2890000 -842.9942636
1743164.062 2890000 -859.5737517
1749023.438 2890000 -876.3962462
1754882.812 2890000 -893.4439873
1760742.188 2890000 -910.6969833
1766601.562 2890000 -928.134105
1772460.938 2890000 -945.7321109
1778320.312 2890000 -963.4691339
1784179.688 2890000 -981.3257054
1790039.062 2890000 -999.2865875
1795898.438 2890000 -1017.344214
1801757.812 2890000 -1035.498141
1807617.188 2890000 -1053.757338
1813476.562 2890000 -1072.140048
1819335.938 2890000 -1090.672936
1825195.312 2890000 -1109.386872
1831054.688 2890000 -1128.315905
1836914.062 2890000 -1147.493547
1842773.438 2890000 -1166.954335
1848632.812 2890000 -1186.734185
1854492.188 2890000 -1206.867275
1860351.562 2890000 -1227.386977
1866210.938 2890000 -1248.32378
1872070.312 2890000 -1269.704815
1877929.688 2890000 -1291.553593
1883789.062 2890000 -1313.889782
1889648.438 2890000 -1336.728569
1895507.812 2890000 -1360.080365
1901367.188 2890000 -1383.949568
1907226.562 2890000 -1408.333952
1913085.938 2890000 -1433.22527
1918945.312 2890000 -1458.608012
1924804.688 2890000 -1484.459789
1930664.062 2890000 -1510.751728
1936523.438 2890000 -1537.449399
1942382.812 2890000 -1564.513277
1948242.188 2890000 -1591.902629
1954101.562 2890000 -1619.577519
1959960.938 2890000 -1647.500113
1965820.312 2890000 -1675.636126
1971679.688 2890000 -1703.956258
1977539.062 2890000 -1732.434458
1983398.438 2890000 -1761.046389
1989257.812 2890000 -1789.765634
1995117.188 2890000 -1818.560998
2000976.562 2890000 -1847.393855
2006835.938 2890000 -1876.218004
2012695.312 2890000 -1904.979517
2018554.688 2890000 -1933.61828
2024414.062 2890000 -1962.070572
2030273.438 2890000 -1990.272165
2036132.812 2890000 -2018.16343
2041992.188 2890000 -2045.694774
2047851.562 2890000 -2072.83325
2053710.938 2890000 -2099.568789
2059570.312 2890000 -2125.922567
2065429.688 2890000 -2151.954195
2071289.062 2890000 -2177.768371
2077148.438 2890000 -2203.523518
2083007.812 2890000 -2229.437513
2088867.188 2890000 -2255.792251
2094726.562 2890000 -2282.93834
2100585.938 2890000 -2311.297978
2106445.312 2890000 -2341.366479
2112304.688 2890000 -2373.712282
2118164.062 2890000 -2408.975951
2124023.438 2890000 -2447.865161
2129882.812 2890000 -2491.147163
2135742.188 2890000 -2539.637516
2141601.562 2890000 -2594.187172
2147460.938 2890000 -2655.663872
2153320.312 2890000 -2724.93188
2159179.688 2890000 -2802.826947
2165039.062 2890000 -2890.126648
2170898.438 2890000 -2987.518478
2176757.812 2890000 -3095.56343
2182617.188 2890000 -3214.65703
2188476.562 2890000 -3344.987527
2194335.938 2890000 -3486.494567
2200195.312 2890000 -3638.824678
2206054.688 2890000 -3801.287242
2211914.062 2890000 -3972.812763
2217773.438 2890000 -4151.912147
2223632.812 2890000 -4336.640123
2229492.188 2890000 -4524.560062
2235351.562 2890000 -4712.717287
2241210.938 2890000 -4897.614932
2247070.312 2890000 -5075.201586
2252929.688 2890000 -5240.87209
2258789.062 2890000 -5389.495872
2264648.438 2890000 -5515.488358
2270507.812 2890000 -5612.937341
2276367.188 2890000 -5675.83291
2282226.562 2890000 -5698.418002
2288085.938 2890000 -5675.639752
2293945.312 2890000 -5603.615181
2299804.688 2890000 -5480.118305
2305664.062 2890000 -5305.164123
2311523.438 2890000 -5081.074486
2317382.812 2890000 -4811.695604
2323242.188 2890000 -4502.265405
2329101.562 2890000 -4158.9987
2334960.938 2890000 -3787.718703
2340820.312 2890000 -3392.690014
2346679.688 2890000 -2975.937643
2352539.062 2890000 -2537.47429
2358398.438 2890000 -2073.372594
2364257.812 2890000 -1573.225518
2370117.188 2890000 -1034.795223
2375976.562 2890000 -454.2864437
2381835.938 2890000 251.8399707
2387695.312 2890000 858.9429796
2393554.688 2890000 991.0278129
2399414.062 2890000 776.1510118
2405273.438 2890000 365.8486511
2411132.812 2890000 -146.4356307
2416992.188 2890000 -744.4834113
2422851.562 2890000 -1390.625216
2428710.938 2890000 -2025.973857
2434570.312 2890000 -2622.200075
2440429.688 2890000 -3155.968826
2446289.062 2890000 -3686.791866
2452148.438 2890000 -4175.741511
2458007.812 2890000 -4545.438481
2463867.188 2890000 -4792.108388
2469726.562 2890000 -4947.799323
2475585.938 2890000 -4958.103683
2481445.312 2890000 -4796.513238
2487304.688 2890000 -4469.104789
2493164.062 2890000 -3985.479711
2499023.438 2890000 -3322.954378
2504882.812 2890000 -2363.445538
2510742.188 2890000 -1615.566836
2516601.562 2890000 -1032.665043
2522460.938 2890000 -509.8568419
2528320.312 2890000 -83.1774176
2534179.688 2890000 254.9756047
2540039.062 2890000 509.4402527
2545898.438 2890000 689.0117249
2551757.812 2890000 802.8801779
2557617.188 2890000 860.708597
2563476.562 2890000 872.0067327
2569335.938 2890000 845.8591161
2575195.312 2890000 790.6888745
2581054.688 2890000 714.1156274
2586914.062 2890000 622.8690898
2592773.438 2890000 522.7598284
2598632.812 2890000 418.6827689
2604492.188 2890000 314.6551368
2610351.562 2890000 213.8681082
2616210.938 2890000 118.7643903
2622070.312 2890000 31.11093018
2627929.688 2890000 -47.91110935
2633789.062 2890000 -117.6241992
2639648.438 2890000 -177.7704071
2645507.812 2890000 -228.4340096
2651367.188 2890000 -269.9660558
2657226.562 2890000 -302.9208792
2663085.938 2890000 -327.9968279
2668945.312 2890000 -345.984197
2674804.688 2890000 -357.7214255
2680664.062 2890000 -364.0622821
2686523.438 2890000 -365.8441257
2692382.812 2890000 -363.8681804
2698242.188 2890000 -358.8817507
2704101.562 2890000 -351.5671012
2709960.938 2890000 -342.533932
2715820.312 2890000 -332.3175298
2721679.688 2890000 -321.376901
2727539.062 2890000 -310.0976489
2733398.438 2890000 -298.7957547
2739257.812 2890000 -287.720268
2745117.188 2890000 -277.0591468
2750976.562 2890000 -266.9472559
2756835.938 2890000 -257.4711542
2762695.312 2890000 -248.6769086
2768554.688 2890000 -240.5776444
2774414.062 2890000 -233.1590708
2780273.438 2890000 -226.3870155
2786132.812 2890000 -220.2123738
2791992.188 2890000 -214.5758864
2797851.562 2890000 -209.412925
2803710.938 2890000 -204.657471
2809570.312 2890000 -200.2438869
2815429.688 2890000 -196.1089225
2821289.062 2890000 -192.1948265
2827148.438 2890000 -188.4494616
2833007.812 2890000 -184.8260466
2838867.188 2890000 -181.2861974
2844726.562 2890000 -177.7960763
2850585.938 2890000 -174.3297119
2856445.312 2890000 -170.8673992
2862304.688 2890000 -167.3926743
2868164.062 2890000 -163.8905026
2874023.438 2890000 -160.3498554
2879882.812 2890000 -156.760828
2885742.188 2890000 -153.1156801
2891601.562 2890000 -149.4098508
2897460.938 2890000 -145.638369
2903320.312 2890000 -141.794854
2909179.688 2890000 -137.8841494
2915039.062 2890000 -133.899014
2920898.438 2890000 -129.8420339
2926757.812 2890000 -125.7151367
2932617.188 2890000 -121.5202294
2938476.562 2890000 -117.2596342
2944335.938 2890000 -112.9372038
2950195.312 2890000 -108.5562
2956054.688 2890000 -104.1204157
2961914.062 2890000 -99.63378499
2967773.438 2890000 -95.10062468
2973632.812 2890000 -90.52433818
2979492.188 2890000 -85.90710157
2985351.562 2890000 -81.25259051
2991210.938 2890000 -76.56590945
2997070.312 2890000 -71.85146382
3002929.688 2890000 -67.11019295
3008789.062 2890000 -62.346755
3014648.438 2890000 -57.5685948
3020507.812 2890000 -52.7817832
3026367.188 2890000 -47.99445438
3032226.562 2890000 -43.21500607
3038085.938 2890000 -38.4503379
3043945.312 2890000 -33.70606266
3049804.688 2890000 -28.98570058
3055664.062 2890000 -24.29011822
3061523.438 2890000 -19.61433382
3067382.812 2890000 -14.95223678
3073242.188 2890000 -10.29525591
3079101.562 2890000 -5.631535
3084960.938 2890000 -0.9505637766
3090820.312 2890000 3.756168857
3096679.688 2890000 8.494362068
3102539.062 2890000 13.26830306
3108398.438 2890000 18.07888307
3114257.812 2890000 22.92426888
3120117.188 2890000 27.79947162
3125976.562 2890000 32.69970058
3131835.938 2890000 37.61774396
3137695.312 2890000 42.54410844
3143554.688 2890000 47.4689986
3149414.062 2890000 52.38323046
3155273.438 2890000 57.2792582
3161132.812 2890000 62.15311662
3166992.188 2890000 67.0059732
3172851.562 2890000 71.84191365
3178710.938 2890000 76.66831343
3184570.312 2890000 81.49370595
3190429.688 2890000 86.32782358
3196289.062 2890000 91.17931744
3202148.438 2890000 96.05723063
3208007.812 2890000 100.9700783
3213867.188 2890000 105.925832
3219726.562 2890000 110.9290778
3225585.938 2890000 115.9816351
3231445.312 2890000 121.0866573
3237304.688 2890000 126.2461414
3243164.062 2890000 131.4596945
3249023.438 2890000 136.7256215
3254882.812 2890000 142.0417892
3260742.188 2890000 147.4043144
3266601.562 2890000 152.8093692
3272460.938 2890000 158.2551875
3278320.312 2890000 163.7381423
3284179.688 2890000 169.2546041
3290039.062 2890000 174.7964641
3295898.438 2890000 180.3535016
3301757.812 2890000 185.9130502
3307617.188 2890000 191.4584815
3313476.562 2890000 196.9721871
3319335.938 2890000 202.4417948
3325195.312 2890000 207.8580703
3331054.688 2890000 213.220156
3336914.062 2890000 218.5373032
3342773.438 2890000 223.8217277
3348632.812 2890000 229.0892455
3354492.188 2890000 234.3583332
3360351.562 2890000 239.6436046
3366210.938 2890000 244.9580149
3372070.312 2890000 250.3108312
3377929.688 2890000 255.7033014
3383789.062 2890000 261.1307018
3389648.438 2890000 266.5838604
3395507.812 2890000 272.0490408
3401367.188 2890000 277.5129629
3407226.562 2890000 282.9561455
3413085.938 2890000 288.3582752
3418945.312 2890000 293.7038388
3424804.688 2890000 298.9871994
3430664.062 2890000 304.2101754
3436523.438 2890000 309.3834462
3442382.812 2890000 314.5243534
3448242.188 2890000 319.6504137
3454101.562 2890000 324.7828782
3459960.938 2890000 329.944175
3465820.312 2890000 335.1559079
3471679.688 2890000 340.43794
3477539.062 2890000 345.8047862
3483398.438 2890000 351.2618791
3489257.812 2890000 356.8150936
3495117.188 2890000 362.4674394
3500976.562 2890000 368.223774
3506835.938 2890000 374.0940831
3512695.312 2890000 380.071242
3518554.688 2890000 386.1343172
3524414.062 2890000 392.2707762
3530273.438 2890000 398.4730282
3536132.812 2890000 404.7266604
3541992.188 2890000 411.0178749
3547851.562 2890000 417.3192621
3553710.938 2890000 423.5886494
3559570.312 2890000 429.7938394
3565429.688 2890000 435.9026415
3571289.062 2890000 441.892203
3577148.438 2890000 447.7581157
3583007.812 2890000 453.5150797
3588867.188 2890000 459.1903815
3594726.562 2890000 464.8169675
3600585.938 2890000 470.4287736
3606445.312 2890000 476.0562772
3612304.688 2890000 481.7163529
3618164.062 2890000 487.4266314
3624023.438 2890000 493.1819604
3629882.812 2890000 498.9627562
3635742.188 2890000 504.7446595
3641601.562 2890000 510.5014892
3647460.938 2890000 516.2049921
3653320.312 2890000 521.827796
3659179.688 2890000 527.3525314
3665039.062 2890000 532.7803349
3670898.438 2890000 538.1311911
3676757.812 2890000 543.4365813
3682617.188 2890000 548.7338826
3688476.562 2890000 554.0634007
3694335.938 2890000 559.462632
3700195.312 2890000 564.9673559
3706054.688 2890000 570.6113957
3711914.062 2890000 576.4145525
3717773.438 2890000 582.3885298
3723632.812 2890000 588.5418598
3729492.188 2890000 594.8778649
3735351.562 2890000 601.3949046
3741210.938 2890000 608.0885301
3747070.312 2890000 614.9520626
3752929.688 2890000 621.972759
3758789.062 2890000 629.1258048
3764648.438 2890000 636.3704174
3770507.812 2890000 643.6486524
3776367.188 2890000 650.8842131
3782226.562 2890000 657.9973638
3788085.938 2890000 664.9204309
3793945.312 2890000 671.6208107
3799804.688 2890000 678.1056325
3805664.062 2890000 684.4173059
3811523.438 2890000 690.6141149
3817382.812 2890000 696.7501832
3823242.188 2890000 702.8652533
3829101.562 2890000 708.9746226
3834960.938 2890000 715.0744228
3840820.312 2890000 721.1536118
4400390.625 2890000 1561.399765
4412109.375 2890000 1508.276592
3846679.688 2890000 727.1975162
3852539.062 2890000 733.1529281
3858398.438 2890000 738.9674847
3864257.812 2890000 744.6181466
3870117.188 2890000 750.0967313
3875976.562 2890000 755.4359282
3881835.938 2890000 760.7048309
3887695.312 2890000 765.9906425
3893554.688 2890000 771.3862309
3899414.062 2890000 776.9781155
3905273.438 2890000 782.840859
3911132.812 2890000 789.036097
3916992.188 2890000 795.6108715
3922851.562 2890000 802.5942679
3928710.938 2890000 809.9986861
3934570.312 2890000 817.8258234
3940429.688 2890000 826.0609294
3946289.062 2890000 834.6688408
3952148.438 2890000 843.5925755
3958007.812 2890000 852.729438
3963867.188 2890000 861.9220385
3969726.562 2890000 870.9769522
3975585.938 2890000 879.686183
3981445.312 2890000 887.9068786
3987304.688 2890000 895.6088626
3993164.062 2890000 902.8669739
3999023.438 2890000 909.810848
4004882.812 2890000 916.5694471
4010742.188 2890000 923.2357231
4016601.562 2890000 929.8534331
4022460.938 2890000 936.4104889
4028320.312 2890000 942.8502833
4034179.688 2890000 949.0830637
4040039.062 2890000 955.0209333
4045898.438 2890000 960.6233884
4051757.812 2890000 965.941338
4057617.188 2890000 971.1196835
4063476.562 2890000 976.3590317
4069335.938 2890000 981.8759207
4075195.312 2890000 987.8756908
4081054.688 2890000 994.5347281
4086914.062 2890000 1001.99775
4092773.438 2890000 1010.375622
4098632.812 2890000 1019.736076
4104492.188 2890000 1030.104064
4110351.562 2890000 1041.451697
4116210.938 2890000 1053.67161
4122070.312 2890000 1066.5281
4127929.688 2890000 1079.60986
4133789.062 2890000 1092.367849
4139648.438 2890000 1104.272395
4145507.812 2890000 1115.028572
4151367.188 2890000 1124.65999
4157226.562 2890000 1133.402796
4163085.938 2890000 1141.518626
4168945.312 2890000 1149.165995
4174804.688 2890000 1156.364662
4180664.062 2890000 1163.009833
4186523.438 2890000 1168.91627
4192382.812 2890000 1173.944753
4198242.188 2890000 1178.148241
4204101.562 2890000 1181.842559
4209960.938 2890000 1185.555397
4215820.312 2890000 1189.905392
4221679.688 2890000 1195.503612
4227539.062 2890000 1202.917631
4233398.438 2890000 1212.659557
4239257.812 2890000 1225.162086
4245117.188 2890000 1240.72602
4250976.562 2890000 1259.417177
4256835.938 2890000 1280.852944
4262695.312 2890000 1303.869339
4268554.688 2890000 1326.486496
4274414.062 2890000 1346.852321
4280273.438 2890000 1364.477964
4286132.812 2890000 1380.03225
4291992.188 2890000 1394.233943
4297851.562 2890000 1407.256925
4303710.938 2890000 1418.708493
4309570.312 2890000 1427.819551
4315429.688 2890000 1434.071702
4321289.062 2890000 1438.111945
4327148.438 2890000 1441.793143
4333007.812 2890000 1447.251397
4338867.188 2890000 1456.478952
4344726.562 2890000 1471.552616
4350585.938 2890000 1494.839168
4356445.312 2890000 1529.006687
4362304.688 2890000 1575.832985
4368164.062 2890000 1633.124095
4374023.438 2890000 1689.337799
4379882.812 2890000 1739.236233
4385742.188 2890000 1750.518181
4391601.562 2890000 1725.132863
4420898.438 2890000 1762.184819
4426757.812 2890000 1952.424619
4432617.188 2890000 2051.338775
4438476.562 2890000 2126.049025
4444335.938 2890000 2212.895918
4450195.312 2890000 2280.323106
4456054.688 2890000 2344.238204
4461914.062 2890000 2393.744429
4467773.438 2890000 2410.1697
4473632.812 2890000 2426.286588
4479492.188 2890000 2471.667744
4485351.562 2890000 2493.07588
4491210.938 2890000 2426.30618
4497070.312 2890000 2176.699116
