# x y bottom topography
46875 0 123.8899365
140625 0 124.5391569
234375 0 125.6830246
328125 0 127.0119718
421875 0 128.0608415
515625 0 128.209709
609375 0 126.6887675
703125 0 122.5925846
796875 0 114.9123932
890625 0 102.6017073
984375 0 84.69842628
1078125 0 60.53198801
1171875 0 30.03840687
1265625 0 -5.841297729
1359375 0 -44.82528019
1453125 0 -83.32560879
1546875 0 -117.1643886
1640625 0 -142.8503825
1734375 0 -158.6615585
1828125 0 -164.8050243
1921875 0 -162.7538635
2015625 0 -154.436059
2109375 0 -141.7272957
2203125 0 -126.2538377
2296875 0 -109.3493127
2390625 0 -92.05839372
2484375 0 -75.15302858
2578125 0 -59.15906362
2671875 0 -44.39254044
2765625 0 -31.00044876
2859375 0 -19.00128301
2953125 0 -8.322232787
3046875 0 1.168866294
3140625 0 9.637166121
3234375 0 17.25948592
3328125 0 24.20743691
3421875 0 30.63433418
3515625 0 36.66516976
3609375 0 42.38924705
3703125 0 47.85532077
3796875 0 53.06919786
3890625 0 57.99412632
3984375 0 62.55465286
4078125 0 66.6443909
4171875 0 70.13742062
4265625 0 72.90311794
4359375 0 74.82318605
4453125 0 75.80761863
