# x y surface topography
2929.6875 1500000 1850.910828
8789.0625 1500000 1822.145882
14648.4375 1500000 1792.638335
20507.8125 1500000 1767.969825
26367.1875 1500000 1746.268289
32226.5625 1500000 1726.764457
38085.9375 1500000 1709.13363
43945.3125 1500000 1693.374669
49804.6875 1500000 1678.59071
55664.0625 1500000 1663.284419
61523.4375 1500000 1648.078775
67382.8125 1500000 1633.49961
73242.1875 1500000 1619.918758
79101.5625 1500000 1607.927177
84960.9375 1500000 1596.885455
90820.3125 1500000 1585.527735
96679.6875 1500000 1574.161315
102539.0625 1500000 1564.405766
108398.4375 1500000 1556.933587
114257.8125 1500000 1550.144181
120117.1875 1500000 1541.321795
125976.5625 1500000 1529.8835
131835.9375 1500000 1517.111045
137695.3125 1500000 1503.804172
143554.6875 1500000 1490.317785
149414.0625 1500000 1477.068572
155273.4375 1500000 1464.259999
161132.8125 1500000 1451.794974
166992.1875 1500000 1439.505008
172851.5625 1500000 1427.412581
178710.9375 1500000 1415.799054
184570.3125 1500000 1404.975408
190429.6875 1500000 1395.016323
196289.0625 1500000 1385.741401
202148.4375 1500000 1376.864689
208007.8125 1500000 1368.142004
213867.1875 1500000 1359.464253
219726.5625 1500000 1350.853551
225585.9375 1500000 1342.374546
231445.3125 1500000 1334.068277
237304.6875 1500000 1325.949023
243164.0625 1500000 1318.017633
249023.4375 1500000 1310.261891
254882.8125 1500000 1302.653616
260742.1875 1500000 1295.157074
266601.5625 1500000 1287.739288
272460.9375 1500000 1280.378425
278320.3125 1500000 1273.066654
284179.6875 1500000 1265.801619
290039.0625 1500000 1258.576143
295898.4375 1500000 1251.381184
301757.8125 1500000 1244.210092
307617.1875 1500000 1237.057462
313476.5625 1500000 1229.91923
319335.9375 1500000 1222.793719
325195.3125 1500000 1215.682507
331054.6875 1500000 1208.590647
336914.0625 1500000 1201.525886
342773.4375 1500000 1194.497196
348632.8125 1500000 1187.513276
354492.1875 1500000 1180.581583
360351.5625 1500000 1173.708589
366210.9375 1500000 1166.901068
372070.3125 1500000 1160.165429
377929.6875 1500000 1153.500317
383789.0625 1500000 1146.893954
389648.4375 1500000 1140.333343
395507.8125 1500000 1133.809195
401367.1875 1500000 1127.314011
407226.5625 1500000 1120.84127
413085.9375 1500000 1114.384956
418945.3125 1500000 1107.939292
424804.6875 1500000 1101.498372
430664.0625 1500000 1095.055678
436523.4375 1500000 1088.603754
442382.8125 1500000 1082.134173
448242.1875 1500000 1075.637921
454101.5625 1500000 1069.105969
459960.9375 1500000 1062.530266
465820.3125 1500000 1055.904198
471679.6875 1500000 1049.223159
477539.0625 1500000 1042.48497
483398.4375 1500000 1035.689888
489257.8125 1500000 1028.840485
495117.1875 1500000 1021.941375
500976.5625 1500000 1014.999042
506835.9375 1500000 1008.021509
512695.3125 1500000 1001.01829
518554.6875 1500000 993.9999852
524414.0625 1500000 986.9777776
530273.4375 1500000 979.9631719
536132.8125 1500000 972.9673888
541992.1875 1500000 966.000586
547851.5625 1500000 959.0709704
553710.9375 1500000 952.1838344
559570.3125 1500000 945.3418258
565429.6875 1500000 938.5458243
571289.0625 1500000 931.7955994
577148.4375 1500000 925.0902444
583007.8125 1500000 918.4285998
588867.1875 1500000 911.8096107
594726.5625 1500000 905.2325916
600585.9375 1500000 898.6970398
606445.3125 1500000 892.2030935
612304.6875 1500000 885.7512567
618164.0625 1500000 879.3425921
624023.4375 1500000 872.9787426
629882.8125 1500000 866.6617405
635742.1875 1500000 860.394266
641601.5625 1500000 854.179015
647460.9375 1500000 848.0188058
653320.3125 1500000 841.9161808
659179.6875 1500000 835.8731776
665039.0625 1500000 829.8907221
670898.4375 1500000 823.967629
676757.8125 1500000 818.0992615
682617.1875 1500000 812.277442
688476.5625 1500000 806.4919744
694335.9375 1500000 800.7319419
700195.3125 1500000 794.9865335
706054.6875 1500000 789.2451596
711914.0625 1500000 783.497842
717773.4375 1500000 777.735317
723632.8125 1500000 771.9491343
729492.1875 1500000 766.1317408
735351.5625 1500000 760.276605
741210.9375 1500000 754.37804
747070.3125 1500000 748.4313748
752929.6875 1500000 742.4328508
758789.0625 1500000 736.3795363
764648.4375 1500000 730.2693497
770507.8125 1500000 724.1009744
776367.1875 1500000 717.8737244
782226.5625 1500000 711.5873946
788085.9375 1500000 705.2426104
793945.3125 1500000 698.8402818
799804.6875 1500000 692.3819291
805664.0625 1500000 685.869366
811523.4375 1500000 679.304667
817382.8125 1500000 672.6903825
823242.1875 1500000 666.0293973
829101.5625 1500000 659.3249482
834960.9375 1500000 652.5805894
840820.3125 1500000 645.8001674
846679.6875 1500000 638.9876021
852539.0625 1500000 632.147053
858398.4375 1500000 625.2827831
864257.8125 1500000 618.399124
870117.1875 1500000 611.5002568
875976.5625 1500000 604.5903766
881835.9375 1500000 597.673314
887695.3125 1500000 590.7525004
893554.6875 1500000 583.8307811
899414.0625 1500000 576.9102877
905273.4375 1500000 569.9923638
911132.8125 1500000 563.0776997
916992.1875 1500000 556.166171
922851.5625 1500000 549.2571254
928710.9375 1500000 542.3496123
934570.3125 1500000 535.4425148
940429.6875 1500000 528.5346818
946289.0625 1500000 521.6248315
952148.4375 1500000 514.7116704
958007.8125 1500000 507.7940512
963867.1875 1500000 500.8711084
969726.5625 1500000 493.9421789
975585.9375 1500000 487.0068645
981445.3125 1500000 480.0651691
987304.6875 1500000 473.1172811
993164.0625 1500000 466.1639533
999023.4375 1500000 459.2064575
1004882.812 1500000 452.2463346
1010742.188 1500000 445.2854398
1016601.562 1500000 438.32592
1022460.938 1500000 431.3700815
1028320.312 1500000 424.4203934
1034179.688 1500000 417.4793844
1040039.062 1500000 410.5493878
1045898.438 1500000 403.6324476
1051757.812 1500000 396.7298844
1057617.188 1500000 389.8420027
1063476.562 1500000 382.9677923
1069335.938 1500000 376.1052096
1075195.312 1500000 369.2514284
1081054.688 1500000 362.4034868
1086914.062 1500000 355.5583764
1092773.438 1500000 348.7131659
1098632.812 1500000 341.8651468
1104492.188 1500000 335.0117184
1110351.562 1500000 328.1504873
1116210.938 1500000 321.2792637
1122070.312 1500000 314.3961092
1127929.688 1500000 307.4992626
1133789.062 1500000 300.5872322
1139648.438 1500000 293.6588726
1145507.812 1500000 286.7132112
1151367.188 1500000 279.7494854
1157226.562 1500000 272.7671426
1163085.938 1500000 265.765804
1168945.312 1500000 258.7450774
1174804.688 1500000 251.7046129
1180664.062 1500000 244.6440247
1186523.438 1500000 237.5629782
1192382.812 1500000 230.4609597
1198242.188 1500000 223.3373231
1204101.562 1500000 216.1912405
1209960.938 1500000 209.0217836
1215820.312 1500000 201.8279243
1221679.688 1500000 194.6084224
1227539.062 1500000 187.3619182
1233398.438 1500000 180.0867582
1239257.812 1500000 172.7812363
1245117.188 1500000 165.4435144
1250976.562 1500000 158.0717663
1256835.938 1500000 150.6641058
1262695.312 1500000 143.2186176
1268554.688 1500000 135.7334679
1274414.062 1500000 128.20687
1280273.438 1500000 120.6371975
1286132.812 1500000 113.0230184
1291992.188 1500000 105.3631124
1297851.562 1500000 97.65651745
1303710.938 1500000 89.90246634
1309570.312 1500000 82.10044922
1315429.688 1500000 74.25024841
1321289.062 1500000 66.35191726
1327148.438 1500000 58.40581871
1333007.812 1500000 50.41214756
1338867.188 1500000 42.37133908
1344726.562 1500000 34.28382018
1350585.938 1500000 26.15007883
1356445.312 1500000 17.97102954
1362304.688 1500000 9.747869746
1368164.062 1500000 1.482360119
1374023.438 1500000 -6.823350961
1379882.812 1500000 -15.16648391
1385742.188 1500000 -23.54362145
1391601.562 1500000 -31.9506445
1397460.938 1500000 -40.38266157
1403320.312 1500000 -48.83419251
1409179.688 1500000 -57.29906706
1415039.062 1500000 -65.7705705
1420898.438 1500000 -74.24142501
1426757.812 1500000 -82.70371314
1432617.188 1500000 -91.14913232
1438476.562 1500000 -99.56896584
1444335.938 1500000 -107.9541413
1450195.312 1500000 -116.2955003
1456054.688 1500000 -124.5837862
1461914.062 1500000 -132.8098236
1467773.438 1500000 -140.9644473
1473632.812 1500000 -149.0390982
1479492.188 1500000 -157.0254541
1485351.562 1500000 -164.9159649
1491210.938 1500000 -172.7038438
1497070.312 1500000 -180.3832694
1502929.688 1500000 -187.9498417
1508789.062 1500000 -195.4001895
1514648.438 1500000 -202.7328322
1520507.812 1500000 -209.9481142
1526367.188 1500000 -217.0486319
1532226.562 1500000 -224.0392368
1538085.938 1500000 -230.9271469
1543945.312 1500000 -237.7217959
1549804.688 1500000 -244.4345932
1555664.062 1500000 -251.0787168
1561523.438 1500000 -257.6688746
1567382.812 1500000 -264.2213788
1573242.188 1500000 -270.7537483
1579101.562 1500000 -277.2848458
1584960.938 1500000 -283.8346474
1590820.312 1500000 -290.4241103
1596679.688 1500000 -297.0749777
1602539.062 1500000 -303.8095852
1608398.438 1500000 -310.6508057
1614257.812 1500000 -317.6219623
1620117.188 1500000 -324.746584
1625976.562 1500000 -332.0481569
1631835.938 1500000 -339.5501371
1637695.312 1500000 -347.2754572
1643554.688 1500000 -355.2465857
1649414.062 1500000 -363.485037
1655273.438 1500000 -372.0114691
1661132.812 1500000 -380.8449393
1666992.188 1500000 -390.0029613
1672851.562 1500000 -399.501038
1678710.938 1500000 -409.3523368
1684570.312 1500000 -419.567573
1690429.688 1500000 -430.1541351
1696289.062 1500000 -441.1164214
1702148.438 1500000 -452.4550525
1708007.812 1500000 -464.1667177
1713867.188 1500000 -476.2439142
1719726.562 1500000 -488.6746094
1725585.938 1500000 -501.4420161
1731445.312 1500000 -514.5244195
1737304.688 1500000 -527.8949476
1743164.062 1500000 -541.5214523
1749023.438 1500000 -555.3664148
1754882.812 1500000 -569.3869042
1760742.188 1500000 -583.5346067
1766601.562 1500000 -597.7559398
1772460.938 1500000 -611.9921153
1778320.312 1500000 -626.1794457
1784179.688 1500000 -640.2497396
1790039.062 1500000 -654.1306123
1795898.438 1500000 -667.7460649
1801757.812 1500000 -681.0168476
1807617.188 1500000 -693.861333
1813476.562 1500000 -706.1961728
1819335.938 1500000 -717.9370317
1825195.312 1500000 -728.9997288
1831054.688 1500000 -739.3011028
1836914.062 1500000 -748.7603686
1842773.438 1500000 -757.2998658
1848632.812 1500000 -764.8469589
1854492.188 1500000 -771.3348977
1860351.562 1500000 -776.7046703
1866210.938 1500000 -780.9060854
1872070.312 1500000 -783.899225
1877929.688 1500000 -785.656179
1883789.062 1500000 -786.162102
1889648.438 1500000 -785.4170898
1895507.812 1500000 -783.4373424
1901367.188 1500000 -780.2568262
1907226.562 1500000 -775.9287672
1913085.938 1500000 -770.5269523
1918945.312 1500000 -764.1468835
1924804.688 1500000 -756.9071316
1930664.062 1500000 -748.9506507
1936523.438 1500000 -740.445831
1942382.812 1500000 -731.5870448
1948242.188 1500000 -722.5954471
1954101.562 1500000 -713.7194399
1959960.938 1500000 -705.2348358
1965820.312 1500000 -697.4446576
1971679.688 1500000 -690.678337
1977539.062 1500000 -685.2911666
1983398.438 1500000 -681.6631071
1989257.812 1500000 -680.1972756
1995117.188 1500000 -681.317742
2000976.562 1500000 -685.4672412
2006835.938 1500000 -693.1042674
2012695.312 1500000 -704.6999689
2018554.688 1500000 -720.7345922
2024414.062 1500000 -741.6930618
2030273.438 1500000 -768.0608654
2036132.812 1500000 -800.3187883
2041992.188 1500000 -838.9377553
2047851.562 1500000 -884.3730377
2053710.938 1500000 -937.0584819
2059570.312 1500000 -997.4005287
2065429.688 1500000 -1065.771483
2071289.062 1500000 -1142.503948
2077148.438 1500000 -1227.883945
2083007.812 1500000 -1322.145097
2088867.188 1500000 -1425.462219
2094726.562 1500000 -1537.944854
2100585.938 1500000 -1659.631742
2106445.312 1500000 -1790.484
2112304.688 1500000 -1930.379572
2118164.062 1500000 -2079.10693
2124023.438 1500000 -2236.35958
2129882.812 1500000 -2401.730541
2135742.188 1500000 -2574.705305
2141601.562 1500000 -2754.657515
2147460.938 1500000 -2940.842723
2153320.312 1500000 -3132.392982
2159179.688 1500000 -3328.312572
2165039.062 1500000 -3527.475449
2170898.438 1500000 -3728.623278
2176757.812 1500000 -3930.365274
2182617.188 1500000 -4131.181245
2188476.562 1500000 -4329.426944
2194335.938 1500000 -4523.341557
2200195.312 1500000 -4711.058343
2206054.688 1500000 -4890.616546
2211914.062 1500000 -5059.975404
2217773.438 1500000 -5217.027647
2223632.812 1500000 -5359.614543
2229492.188 1500000 -5485.539011
2235351.562 1500000 -5592.579294
2241210.938 1500000 -5678.503149
2247070.312 1500000 -5741.082294
2252929.688 1500000 -5778.108407
2258789.062 1500000 -5787.412439
2264648.438 1500000 -5766.88356
2270507.812 1500000 -5714.493716
2276367.188 1500000 -5628.318758
2282226.562 1500000 -5506.561346
2288085.938 1500000 -5347.570975
2293945.312 1500000 -5149.863304
2299804.688 1500000 -4912.141373
2305664.062 1500000 -4633.317865
2311523.438 1500000 -4312.539075
2317382.812 1500000 -3949.210781
2323242.188 1500000 -3543.036567
2329101.562 1500000 -3094.068921
2334960.938 1500000 -2602.706447
2340820.312 1500000 -2069.619259
2346679.688 1500000 -1495.880624
2352539.062 1500000 -883.7223767
2358398.438 1500000 -236.3852507
2364257.812 1500000 441.5849429
2370117.188 1500000 1148.01083
2375976.562 1500000 1909.146432
2381835.938 1500000 2828.836042
2387695.312 1500000 3681.596536
2393554.688 1500000 3975.105275
2399414.062 1500000 3655.16191
2405273.438 1500000 2941.983685
2411132.812 1500000 2129.286034
2416992.188 1500000 1267.980214
2422851.562 1500000 306.8329456
2428710.938 1500000 -723.2825193
2434570.312 1500000 -1790.666098
2440429.688 1500000 -2942.946108
2446289.062 1500000 -4259.324229
2452148.438 1500000 -5663.676831
2458007.812 1500000 -7049.620384
2463867.188 1500000 -8479.444083
2469726.562 1500000 -10080.62696
2475585.938 1500000 -11681.55993
2481445.312 1500000 -13124.43369
2487304.688 1500000 -14366.50543
2493164.062 1500000 -15407.02193
2499023.438 1500000 -16474.32671
2504882.812 1500000 -17201.68873
2510742.188 1500000 -16621.83344
2516601.562 1500000 -15673.24328
2522460.938 1500000 -14529.25064
2528320.312 1500000 -13188.43201
2534179.688 1500000 -11725.92419
2540039.062 1500000 -10181.47803
2545898.438 1500000 -8595.192573
2551757.812 1500000 -7000.493013
2557617.188 1500000 -5426.71567
2563476.562 1500000 -3898.760889
2569335.938 1500000 -2437.495747
2575195.312 1500000 -1059.97068
2581054.688 1500000 220.2903512
2586914.062 1500000 1393.011255
2592773.438 1500000 2450.870083
2598632.812 1500000 3389.213483
2604492.188 1500000 4205.772749
2610351.562 1500000 4900.400035
2616210.938 1500000 5474.816422
2622070.312 1500000 5932.372333
2627929.688 1500000 6277.816037
2633789.062 1500000 6517.067692
2639648.438 1500000 6657.002329
2645507.812 1500000 6705.236732
2651367.188 1500000 6669.926623
2657226.562 1500000 6559.578034
2663085.938 1500000 6382.875065
2668945.312 1500000 6148.525151
2674804.688 1500000 5865.12496
2680664.062 1500000 5541.047302
2686523.438 1500000 5184.344902
2692382.812 1500000 4802.673703
2698242.188 1500000 4403.231171
2704101.562 1500000 3992.708715
2709960.938 1500000 3577.257439
2715820.312 1500000 3162.463373
2721679.688 1500000 2753.334129
2727539.062 1500000 2354.294319
2733398.438 1500000 1969.188044
2739257.812 1500000 1601.290031
2745117.188 1500000 1253.32222
2750976.562 1500000 927.4766682
2756835.938 1500000 625.442865
2762695.312 1500000 348.4376573
2768554.688 1500000 97.23988262
2774414.062 1500000 -127.7741269
2780273.438 1500000 -326.5927159
2786132.812 1500000 -499.5308162
2791992.188 1500000 -647.1941853
2797851.562 1500000 -770.4407827
2803710.938 1500000 -870.3450213
2809570.312 1500000 -948.1622192
2815429.688 1500000 -1005.294377
2821289.062 1500000 -1043.258145
2827148.438 1500000 -1063.653394
2833007.812 1500000 -1068.134924
2838867.188 1500000 -1058.385943
2844726.562 1500000 -1036.094175
2850585.938 1500000 -1002.929387
2856445.312 1500000 -960.524067
2862304.688 1500000 -910.4560854
2868164.062 1500000 -854.2336971
2874023.438 1500000 -793.2830198
2879882.812 1500000 -728.9376689
2885742.188 1500000 -662.4307864
2891601.562 1500000 -594.889463
2897460.938 1500000 -527.3310343
2903320.312 1500000 -460.6607889
2909179.688 1500000 -395.671168
2915039.062 1500000 -333.0437753
2920898.438 1500000 -273.3515265
2926757.812 1500000 -217.0622758
2932617.188 1500000 -164.5435569
2938476.562 1500000 -116.0681987
2944335.938 1500000 -71.82096267
2950195.312 1500000 -31.90491141
2956054.688 1500000 3.651155274
2961914.062 1500000 34.88479475
2967773.438 1500000 61.8927542
2973632.812 1500000 84.82290943
2979492.188 1500000 103.8664942
2985351.562 1500000 119.2509458
2991210.938 1500000 131.2322844
2997070.312 1500000 140.0883745
3002929.688 1500000 146.1125752
3008789.062 1500000 149.6079137
3014648.438 1500000 150.8809562
3020507.812 1500000 150.2368271
3026367.188 1500000 147.9744845
3032226.562 1500000 144.3827894
3038085.938 1500000 139.736734
3043945.312 1500000 134.2938771
3049804.688 1500000 128.2906978
3055664.062 1500000 121.9372511
3061523.438 1500000 115.4164693
3067382.812 1500000 108.888094
3073242.188 1500000 102.4927759
3079101.562 1500000 96.35454553
3084960.938 1500000 90.58299424
3090820.312 1500000 85.27252871
3096679.688 1500000 80.50161157
3102539.062 1500000 76.33296707
3108398.438 1500000 72.81388536
3114257.812 1500000 69.97755019
3120117.188 1500000 67.84421614
3125976.562 1500000 66.42237858
3131835.938 1500000 65.70970587
3137695.312 1500000 65.69439563
3143554.688 1500000 66.35644659
3149414.062 1500000 67.66867486
3155273.438 1500000 69.59801946
3161132.812 1500000 72.10662382
3166992.188 1500000 75.15263194
3172851.562 1500000 78.69191693
3178710.938 1500000 82.67811689
3184570.312 1500000 87.06407506
3190429.688 1500000 91.80232407
3196289.062 1500000 96.84559238
3202148.438 1500000 102.1476603
3208007.812 1500000 107.6634579
3213867.188 1500000 113.3499127
3219726.562 1500000 119.1658765
3225585.938 1500000 125.0725574
3231445.312 1500000 131.0337218
3237304.688 1500000 137.0161423
3243164.062 1500000 142.9900378
3249023.438 1500000 148.9290055
3254882.812 1500000 154.8104289
3260742.188 1500000 160.6150819
3266601.562 1500000 166.327331
3272460.938 1500000 171.935024
3278320.312 1500000 177.4293261
3284179.688 1500000 182.8038916
3290039.062 1500000 188.0549351
3295898.438 1500000 193.1804335
3301757.812 1500000 198.1801407
3307617.188 1500000 203.0552702
3313476.562 1500000 207.8079101
3319335.938 1500000 212.4414623
3325195.312 1500000 216.9600618
3331054.688 1500000 221.3686616
3336914.062 1500000 225.6728188
3342773.438 1500000 229.8788769
3348632.812 1500000 233.993523
3354492.188 1500000 238.0237222
3360351.562 1500000 241.9770689
3366210.938 1500000 245.8615478
3372070.312 1500000 249.685362
3377929.688 1500000 253.4570424
3383789.062 1500000 257.1851583
3389648.438 1500000 260.8790052
3395507.812 1500000 264.5481979
3401367.188 1500000 268.2030259
3407226.562 1500000 271.8539244
3413085.938 1500000 275.5112474
3418945.312 1500000 279.1853801
3424804.688 1500000 282.886636
3430664.062 1500000 286.6251404
3436523.438 1500000 290.4104673
3442382.812 1500000 294.2513454
3448242.188 1500000 298.1562204
3454101.562 1500000 302.1322008
3459960.938 1500000 306.1861234
3465820.312 1500000 310.3239274
3471679.688 1500000 314.5500304
3477539.062 1500000 318.8684745
3483398.438 1500000 323.2818646
3489257.812 1500000 327.7919223
3495117.188 1500000 332.3994633
3500976.562 1500000 337.1042887
3506835.938 1500000 341.9047652
3512695.312 1500000 346.7979287
3518554.688 1500000 351.7796851
3524414.062 1500000 356.8447924
3530273.438 1500000 361.9863202
3536132.812 1500000 367.1964263
3541992.188 1500000 372.4654512
3547851.562 1500000 377.782625
3553710.938 1500000 383.1361742
3559570.312 1500000 388.5129142
3565429.688 1500000 393.8990928
3571289.062 1500000 399.2804258
3577148.438 1500000 404.642862
3583007.812 1500000 409.972952
3588867.188 1500000 415.2588274
3594726.562 1500000 420.4914642
3600585.938 1500000 425.6640897
3606445.312 1500000 430.7724539
3612304.688 1500000 435.8141979
3618164.062 1500000 440.7877982
3624023.438 1500000 445.692887
3629882.812 1500000 450.5299123
3635742.188 1500000 455.2998577
3641601.562 1500000 460.0040225
3647460.938 1500000 464.6442854
3653320.312 1500000 469.2227889
3659179.688 1500000 473.7420421
3665039.062 1500000 478.2053284
3670898.438 1500000 482.6168463
3676757.812 1500000 486.9809667
3682617.188 1500000 491.3032766
3688476.562 1500000 495.5902563
3694335.938 1500000 499.8495247
3700195.312 1500000 504.0906794
3706054.688 1500000 508.3251537
3711914.062 1500000 512.5665003
3717773.438 1500000 516.8297732
3723632.812 1500000 521.1312597
3729492.188 1500000 525.4877264
3735351.562 1500000 529.9157734
3741210.938 1500000 534.4321109
3747070.312 1500000 539.0524535
3752929.688 1500000 543.7918312
3758789.062 1500000 548.6641529
3764648.438 1500000 553.6814198
3770507.812 1500000 558.8539147
3776367.188 1500000 564.1894802
3782226.562 1500000 569.6935912
3788085.938 1500000 575.3684573
3793945.312 1500000 581.2132152
3799804.688 1500000 587.2237167
3805664.062 1500000 593.3921448
3811523.438 1500000 599.707074
3817382.812 1500000 606.1539981
3823242.188 1500000 612.7145035
3829101.562 1500000 619.3667992
3834960.938 1500000 626.0859536
3840820.312 1500000 632.8438993
3846679.688 1500000 639.6099951
3852539.062 1500000 646.3514926
3858398.438 1500000 653.0345498
3864257.812 1500000 659.6263537
3870117.188 1500000 666.0985323
3875976.562 1500000 672.4288806
3881835.938 1500000 678.6028279
3887695.312 1500000 684.6120808
3893554.688 1500000 690.45259
3899414.062 1500000 696.1236074
3905273.438 1500000 701.6268515
3911132.812 1500000 706.9664542
3916992.188 1500000 712.1484553
3922851.562 1500000 717.1808332
3928710.938 1500000 722.0738188
3934570.312 1500000 726.8402852
3940429.688 1500000 731.4959336
3946289.062 1500000 736.0584432
3952148.438 1500000 740.5480492
3958007.812 1500000 744.988827
3963867.188 1500000 749.409639
3969726.562 1500000 753.845126
3975585.938 1500000 758.3345077
3981445.312 1500000 762.9204308
3987304.688 1500000 767.6470077
3993164.062 1500000 772.5581405
3999023.438 1500000 777.6962105
4004882.812 1500000 783.1009017
4010742.188 1500000 788.8080555
4016601.562 1500000 794.8491117
4022460.938 1500000 801.2502614
4028320.312 1500000 808.0314921
4034179.688 1500000 815.205717
4040039.062 1500000 822.7779704
4045898.438 1500000 830.7449025
4051757.812 1500000 839.0939189
4057617.188 1500000 847.802193
4063476.562 1500000 856.836043
4069335.938 1500000 866.1502465
4075195.312 1500000 875.6871236
4081054.688 1500000 885.3765164
4086914.062 1500000 895.1361953
4092773.438 1500000 904.8730614
4098632.812 1500000 914.4921544
4104492.188 1500000 923.9138637
4110351.562 1500000 933.0852365
4116210.938 1500000 941.972189
4122070.312 1500000 950.5474391
4127929.688 1500000 958.7843162
4133789.062 1500000 966.6571348
4139648.438 1500000 974.1422053
4145507.812 1500000 981.2192126
4151367.188 1500000 987.8729131
4157226.562 1500000 994.0949996
4163085.938 1500000 999.887243
4168945.312 1500000 1005.264977
4174804.688 1500000 1010.266404
4180664.062 1500000 1014.962918
4186523.438 1500000 1019.461219
4192382.812 1500000 1023.892977
4198242.188 1500000 1028.401895
4204101.562 1500000 1033.1357
4209960.938 1500000 1038.239321
4215820.312 1500000 1043.848058
4221679.688 1500000 1050.079557
4227539.062 1500000 1057.028344
4233398.438 1500000 1064.76281
4239257.812 1500000 1073.32647
4245117.188 1500000 1082.743182
4250976.562 1500000 1093.023005
4256835.938 1500000 1104.165051
4262695.312 1500000 1116.158513
4268554.688 1500000 1128.964469
4274414.062 1500000 1142.465923
4280273.438 1500000 1156.510052
4286132.812 1500000 1171.067483
4291992.188 1500000 1186.253041
4297851.562 1500000 1202.228176
4303710.938 1500000 1219.185841
4309570.312 1500000 1237.378846
4315429.688 1500000 1257.123328
4321289.062 1500000 1278.783676
4327148.438 1500000 1302.740859
4333007.812 1500000 1329.367225
4338867.188 1500000 1359.104981
4344726.562 1500000 1392.473629
4350585.938 1500000 1429.819758
4356445.312 1500000 1471.101641
4362304.688 1500000 1515.937163
4368164.062 1500000 1563.964481
4374023.438 1500000 1615.070391
4379882.812 1500000 1668.223523
4385742.188 1500000 1719.734242
4391601.562 1500000 1764.537425
4397460.938 1500000 1800.511655
4403320.312 1500000 1829.177096
4409179.688 1500000 1851.041846
4415039.062 1500000 1864.407941
4420898.438 1500000 1872.219683
4426757.812 1500000 1897.739785
4432617.188 1500000 1968.941366
4438476.562 1500000 2063.746921
4444335.938 1500000 2141.251868
4450195.312 1500000 2207.266863
4456054.688 1500000 2268.839275
4461914.062 1500000 2301.028252
4467773.438 1500000 2308.262589
4473632.812 1500000 2339.606609
4479492.188 1500000 2380.308984
4485351.562 1500000 2387.303553
4491210.938 1500000 2308.949374
4497070.312 1500000 2059.771328
